Text 1; на ; на ; год; руб;ная ; выр; под;ого ;года;ный ;ные ; пре;пред;млрд;ение;ода ;нии ;сти ;став;— на;оста;, по;ручк;руб.; 201;тся ; ком; сер;рд р; про;ния ;ании;ыруч;д ру;а на;рубл;лрд ; за ;выру;осси; сни;мпан;ать ;нени;пера;тави;на, ; нов; млр;ости;жени;его ;реди; рос;что ;, чт;учка;стра; что;иров;омпа; и с;льны;пани;чка ;ител;нная;ние ;тель;комп; дол; кон;росс; до ;год ;я пр;убле;а, п;азет;вки ;КамА;олла;б., ;«Кам;на 2;квар;вал ;ссий; в с; пол;ая в;аров;газе;ельн;льно; в к;% до;и на;. В ;ника; раз;арта; до ;блей;ртал; — н;ацио;опер;ина,;ниже;уб.,;подп;дпис;ийск;сийс;м за;ново;цион;рова; сво;ика ;но о;ения;я вы; пок;альн;ров.;одпи;долл;рати; по ; это;енно; опе;ллар; ква;и со;ся в;варт;амАЗ;осто;дост;М184;2012;ении;кого;, пр;ера ;ом» ;ларо; свя;ных ;а по;атил;00 р;ерви;ает ;ится;IV к;овер;выро; из-;на 2;тал ;связ;ов. ;го г;илас;ател;ась ;. По;оход; при;един;ионн;онна; год;ерац;особ;и до;2013;лей,;из-з;тяга;2 го;вых ;да и; пер;в ко;е вы;12 г;ой с;ти и;з-за;012 ;лей ;вязи;раци;им п;висн;ског;опро;сост;иков;дате;3 го;V кв;рвис; М18; — н;13 г;ии. ;е на;мост; руб;йки ;оцен;ырос;овал;редс;я в ;1842;ания;ению;след; пад;ижен;нию ;ка н;сниж;язи ;на п; газ;форм; вып; в р;в за;м по; не ;и во;ягач;о го;авил; сос;вать;а из; По ;на 1;выпу;-за ;ей, ;лась;ый с; IV ;ачей;ков ;ить ;иона;ие в;серв;на 3;0 ру;ти о;чени;вой ;ь на;013 ;овых;ной ;» оп;ла н;ты и;дста;ерси;лся ; по ;тари; том; упа;а эт;лько;м» о;ссов;Всег; фин;осла;ерат;изме;пада; коп;ся н;нно ;сред;ов з;пенс;е по;ем п; буд; 2% ;рос ;кред;коно;ки д;тера;ную ;инан;авки; сло;абот; в с;овой;вост;реги;мАЗ»;ая п;тавк;лком; «Ка;мику;,4 м; кре;ерен;го в; бан; млр;бота;Medi;упал;ажда;доро;разр;а го;овре;дина;, бу;ести;вила;мене; жур;ност; пла;ходы;обен;х ре;венн;о мн;л пр;а 1%;лом ;лани;сере;и но;рифы;осин;сове; для;ию к;отчё;ких ; тар;ель ;м, ч; СТС;ы на;ьный;инов;е в ;ия н;нный;теле;сокр; кан;дохо;По с;ил п;1% д;четв;они ;кана;щено;елей;я по;врем;атем;дине; рас;на г;ачал;луче;нанс;тем ;го п;ован;пока;ейки;ложе;ине ;новр;журн;Тодд;коло;Вымп;вший;пери;а ко;ожен; пом;,7 м;помо;о ср;ате ;ера»;фина;пуще;убля;раст;лиро;а 2%;пелк;лн д;ль н;ей. ; из ;рнал; кру;и от; дин;а», ;о сл; Все; Тод;енен;жает;цело;вопр;исчи;для ;же в;ет т; сот;вого;7 мл;еля ;а. В;нами;рии.; пос;ного; одн; тяг;овог;ариф;амик;реме;анал;мпел;умен;крат;оло ;тран;а 3%;сото;пейк;и и ;учен;лова;олож;елко;о ус;анск;ний ;на 4;оды ;в се;гион;крыт;окол;вам ;еты ;рупн;итог;стор;менн;ражд;edia;собе;слуг;ходн;опей;дито;на 1;стве; мод; вер;инте;н до; дос;отре;сла ;нача;верс;свое;ошло;имос; чет;риод;м па;о но;500 ; зак;я на;нахо;анна;сниз;сная;. В ;о вы;да. ;ь по;тчёт;копе;торы;едит;в. П; «Ро;тора;о за;% в ;% до;анны;мест;тале;атор; пре;роиз;тила;зету;е го;тори;прос;ссии;моде;5 ко;очны;о пр;писч;» — ;», п;урна;вивш;истр;йски;в в ;dia ;ыпущ;а, э; кот;прод;гаче;елан;ели ;твен;сего;ТС M;ший ;олуч;а вы;а и ;рожа;одел;ифы ;е пр; — п;мент;писк;ком»;одят;ей к; Рос;круп;ходя;едст;сии ;прои;ля п;овам;я не;равн;и из;енны;рует;рато;але ;змен;анк ;поло;тоге;подо;росл;аход;., с;ент ; оце;а го; отч;по с; 3% ;ено ;нтер;овос;бира;зате; пен;бенн; о т;вил ; око;й» и;. Вс;й се;сери;овки; от ;й на;дани;ет н;дут ;убли; мм ; лет;онал; и «;сь н;наль;«Вым;одор;новн;т от;того;ожае;вое ;синт;ал в;9 мл;ии с;слов;од в; дох; объ;рабо;енси;на 5;али ;низи;лина; В и;плат; стр;ом, ;ьные;эти ;ают ;сово;рода;цент;4 мл;нем ;ьно ;стит; им ;боль;В ит;ы и ;одны;егио; сок; ито;окра; млн; осо;том,;стои;счик;нсов;чей ;налы;порт;услу;ории;ила ;и ра;анов; эти; но ;еред; гра;спис;ые с;«Рос;, ос;Роси;и. П;екто;а IV; 1% ;спор;л не;ем з;отов;, эт;млн ;ерио;за I;СТС ; соб;этог;полу;ал п;кото;ровк;, но;банк;орож;зеты;ал н;» и ;и с ; нач; усл;ую в;ымпе;оге ;рать;емен;й в ;, се;ируе;ует ; дня;елом;отор;ансо;инам;оном;граж;С Me;т по;ждан; Med;. То; сра;Росс;до 2;т на;ущен;ько ; 1,4;ольк;ов в; зат;1,4 ; рын; воп;о то;асти;исна;о ра;нные; каб;а де;ры. ;влас;счет;рть,; авт;и, о;дующ;, со;ее 4;, в ;кони;ой о;ль п;е ко;меся;едыд;ы, п;ся п;ла 8;льви;о тя;през; кро;м — ;00 т;ма в;. Ос;, пе;сные;АЗ-5;прио; Кры;X3 и;а га;х на;ий» ;го т;по п;ле 2;0 шт;Наци;3 М1;на м;ил н;мень;он с;4 г.;льшо;ло у;тыся;рады; Опе;В по;ую г;ольн;ло 3;не п;рахо;воег;мет ;омаш;зреш;рсию;очта;Рубл;ни о;ия V;имет;убль;ала.;уб. ;го у;15,4;гиро;мере;рке ;42, ;умма;вод ;Дохо;ерез;З» п;ю. П;ризи;до 5; зам;нка»;: Ан;Р Ан;ябре;твёр;рано;ачну;едат;рно ;раля;райо;ысяч;ожит;инис;октя;дний;14 г;ия З;ичин;–3 п;да н;дрея;lcom;1 50;орти;оран;Эрик;е ср;окры;внес;чный;ам —;а 80;о ув; сле;сию ;о в ;ой п; рай;ласт;я эт;холд; баг;.Сил;ля 2;од «;Нову;16:0;оём ; — д;дире;гим ;то п;анк,;нтро;кспе;щерб;и од; — ч;их р;й св;в те;.BMW;веса;ят ч;ндре; чин;трах;онны;о оц;кс М;ей М;екс ;200–;л 20;делю; уже;одно;ый X;й, ж;иваю;. Бо; окт; усп;иже ;ой 4;аста;инфо;и о ; жду;я Ко;нера; Уще;о пр;ко д;СФР ;ю кр;отто;  Ал;нечн;ли с;рыно;» — ; ски;тано;ьшой;утся;ны в;56,1;842.; рез;едел;евро;Андр;ассм;х ко;нтъ»;зиса;оизв;осал;й. Б;перт;.Кев;коль;om.L; ста; 93 ;я — ;Точн;рите;успе;е та;9% д;ля э; Бан;жива;чере;из к;подр;нце ;ла. ;ый т;тнош;уг с;р со;а ро;у ка; смо;.«Ка;осле;ут у;игна;ма д;ь ба;же н;4 мм;на р;тво ; соо;нк д;но в;конг; аме;842,;стно;a за;ентн;зави;у «А;к Ру;рект;она,;но 9;с о ;Изве;обил;9,7 ; изд;6:00;секр;ый н;вани;ге п;орые;Одна;до 2;акже;олин;л по; на ; рег;ься ;сяч ;, ев;: ба;ны, ;щика;, ко;ов ф; сер;, сд;рман;т о ;симо;бре ;5490;нтны;стас; 56,;зиру;ммун;й тр;я» —;аты,;роли;ти р;ка р;чёте;тово;им с;врал;л на;личе;гея ;ию с;ъём ;тия»;дефе;лу 2;Силь;й гр;ятим;Публ;стия;ояте;   А;е св;гаФо;е сп;йтин;рейт;ка» ;Аргу; нах;уюся;00–2;в го;нием;алют;и ма;»). ; сде;д уп;агма; рад; Еме;ализ;году;ют в;ал о;ый м; «Вы;зако;дает;долж;ём о;то у;нски;ном ;чал ;Банк;ые у;го д;ея В;мочь;ет в;ексе;тной;Почт;ынок;и ра;щё о;до 9;чта ;ченн; мно;амес;енты; лит;тров;рсан;треа;  в ;щего;ый р;зраб;«7 д;ума ;ощни;дят ;луга;й по; Авт;ть. ;оде ;иско;I кв;014 ;ка о;удет;гажн;сдел;з до;ммер;бины;рточ;то э;45 к;адач;да с;ъ» и;лето;— че;ия з;ходи;ые г;рено;одна;о 70;в де;ть и; «Но;рам,;могу;цию ;м са;ласо;4 — ;ю о ;было;ио Б;гово;на ч;таль;ванн;свой;ию п;До н;я ст;лета; 400;зада;ц», ;стов;ит о;а 14;ла с;в 20;исок;е до;ки. ; слу;латф;Нью-;ий в;такж;обра;обст;брат;59,7; Экс;нии.;екуд;од о;овую;дичн;ора ;е сн;идок;» и ;флаг; в «; («К; в 2;утбо;едос;ообщ;ацию;са и; до ; экс;100 ;воём;ройк;це г;вари;одд,; дес; Это;ь, н; тор;то а;етве;кида;pelc; к I;олир; США;а пл;ка, ;одни;рета;ланн;Мега;ю пр; 4-й;анен;устр;ду б; бол;ричи;» из;та с;, вс;рпор;екаб;линн;тор ;шить;:00 ;— де;го р;конц;ого»;14 р;од д;ться;4-й ;я, е;рези;ам з;грат;ксея;илан;ии С; в о;е сл;кже ;о фи;жида;риск; так;манс;е ст;ефер;ному;тско;оде.;генд; 500;й, б; Маг;верн;оссо;ивны;од с;таси;орме; 25%;50 л;ьных;Ещё ;ртую;дд р;объё;рсии;— СТ;ко н;раме;о пе;0 ли;собс;ытия;писа;вера;-Йор;ом «;вкой;» пл;еха:; зав;перв;50 р;а 56;ят к; маг;лы. ;уже ; — С;егия;редн;мули;ВБ у;т. О;ившу;дд, ;у бы;зошл;раз ;ране;озра;рые ;выби;ерлу;15 к; фла;иват;футб;аря ;овна;е це;умин;реля;ечен;ёте ;тели;льта;ю к ;а ин;м ст;сраз;в фл; 289;ична;оимо;о 10;490»; Изд;анию;нала;ia —;уга ;те п;. Оп;ыпус;, на;ьшит;лагм;на э;е в ;разу;буде;ре —;азра;ну к; дан;икан;0 на;ей н;днов; ниж;о от; Гер;льну;б. О;пала;ос о;редш;00 ш;, см;я Во;ходе;ортё;тов ; Ана;ндов;ховк;ые и;Ущер;та: ; 16:;ктор;от р;й-то;инне;айон;«Пер; 70,;дель;исто; в К; обр;га п;чале; 36,;т го;ьног;нии,;го ф;4% д;а не;енду;е за; тро;итро;за с;г по;ь фу;ошен;итов;mpel;у кр;ерты;дит ; 15,;ию. ; 50 ;ятко;алей;инго;Магн; о п;ской;едше;йско;ге. ;ик Р;а ре;ульт;назы;и се;ильн; фев;дна ;й   ;тове;по м;се н;ки с;а» о;X4, ;внен;$До ;и об;ии б;ет о;а 25;к, п;итск;анил;рлус;зи с;рыму;рмац;сь п;лдин;мАЗ-;Осно;е эт;рива;орый;мани;Герм;й. И; а п;ьвио;: ко;а га;двар;к на;мощн;му ж;р: А;сход;ренд;ему ;сейч;. На;дета;одав;олди;на к;зиде;тот ;ртир; вче;ился;уда.;сени;ода.;етвё;е вл;дава;в се; пун; зад;ашни;ктов;сия ;ии ф;«Дом;теги;откр;тъ» ;й ка; Точ;тоим;а 2%;спра;омен;ую м; хол; инд;о на;МВБ ;ранс;ыму ;3 пу;абин;анин;ий  ;го».;ни с; ему;о по;9,8 ;зких;е 40;х чи;с жд;имес;США ;т ко;увел;и.«Н;а 20;етра;х ус;ть п;а пе;эксп;деся;и св;а за;. Из;изит;чки.;м ни;нал ;. Эт;тры.;ство;у» —; роу; 200;ику:;инэк;у по;0,11;ти, ;ндир;ей» ;исан;оссе;отоз;на с;ля.В;289,;ерец;орга;ньши; сет; «Из;я 20;омме;азыв;шний;машн;клуб;аз д;еса ;лед ;DA —; воз;нног;ыход;ов.Э; вес;о ок; низ;а СТ;ии, ;к, в;мьер; сог;маги;о ам;и. У;рывш;тный;экон;м же;а М1;й. В;иска;рает;овни;тбол;г. «;ов, ;док ; реф;ильв;нник;выхо;тозв;чнут;я Vi;и хо; фак;АЗа»;я мо;авис;ки и;прав; Ког; уст;азре;ния.;овне;арам;иост;и жу;рынк;ии р;онеч;ондо;внос;блич;ов т;дела;,8 м; Vim;» по;тим ;ок п;за н;кабр; сче;ним ; газ;авне;не а;во н;нт «;о кр; 832;д, п; «Ар;редо;30 н;грес;ующи;нитс; 40 ;ет ф;корп;ий ф; вне;нико;т, с;агир;A — ;дыду;ре с; с ф;ентр;ра и;согл;ерма;м св;бага;редл;одит;5% в;вио ; апр;В це;дней;ил, ;аетс;ло 1;на з;елен; выб;, «К;ятся;нке,; EBI;инге; сей;имен;сети;0,97;рост; сто;оизо;лате; и н;б «К;е X3;а: б;длож; нед;о 36;ддер;ам г;д ра;ст п;ятел; опу;от г;ти д; о в;удит;259,;ке в;т ка;дать;ину ; в и;оть ;с на;рыть;ь ег;енив; 56,; в Н;д «В; он ;25% ;пара;б до; гов;апре;я Ем;ова$;ие д;нсол;й кл;оват;ии.«;ось ;нако; Нью;иску;шени;опуб;,4%.;ов и;нива;ла в; «Пе;тите;идаю; X3 ; в д;здат;чет,;ние.;екре;мнен; фор;т та;кова;чнос;ое п;нее ;ахар;сани;з не;8 ру;ки в;ея К;ожет;конт;Боле;ерск;сова;зуль;ост.;ть —; уве;BMW ;седа;инос;дино;яц п;. До;рмул;ц пр;гина;в кр;4 ру;азал;уско;ытьс;атег;кспо;ко з;мери;ых к;есят;м ба;в ро;агни;их ч;тивн; во ;о II;ский;слуш;97%,;вная; поя;я, н;и, е;у 20;пал ;кой-;реды;идир;мм н;мног;лан»;трам;в ре;о 22;2% в;ивал;я в ;ерии;о в ;не в
Text 2; на ; про;ого ;оста;став;нии ;ния ;ние ;рубл; руб; буд; пол; год;его ;ание;ить ;мпан;кого;анов;омпа;торо;пани;года; это;комп;» — ;банк; 201;тся ;ован;краи;. В ; ком;ой п;ный ;есто; кот;ании;ии в;ения;т со;отор; на ;раин;кото;иров;дост;ать ;млрд;вани; бан;вать;ност;удет; рос; при;буде;кой ;ость;ов, ; — +;анск;ет с;блей;сост;ная ;Укра;ных ;ания;ции ;рика; сос;канс;дет ;осси; дол; кон;ется;ной ;а эт;убле; Укр;ерик;дени;го в;нима;касс; пла;нный;икан;ожде;убля;ода ;учит;ости;аетс; дос;стор;мери;олот;лког;мест;алко;ийск;стра;стве;рова;жден;й пр;дова; пре; не ; мес; мед;огол;альн;и в ;ает ;енно; по ;для ; для;т за;орож;и ме;%, «;тств;уста;, со;сть ;я пр;лся ;als ;такж;кции;нско;меда;ении;рижа;ласт; млр;е по;тано;ссий; и б;акже;нием;о бы;nera;нски; дир;чит ;росс;олит;спор;рожд;связ;ая в;ов. ;bes ;венн;кже ;теле;сокр;аров;ась ;рудо;тылк;этой;и бр;той ;льно;orbe;буты;оруд; рас;тави;го п; биз; Min;два ;ской;ых с;тран;и на; соз; бут;и с ;я в ;я 20;ыход;atio; мин;выхо;ыми ;тавл; уст;бору; пос;анны;%. В;вает; раз;жабл;арта;озда;лучи;оват;mur ;аине;золо;лей ;ожет;ског; лиц;удов; вых;олуч;лем ;7%, ;r Mi;й ко;сти ; зак;може;рта ; соб;овск;знес;ейча;обор;tion; алк;мини;сийс;iner;eral;поли;а 0,;влен;бля ;rals; Рос;а до; с п;сии ;нков;рукт; обо;лась; же ;е ро;й в ;ные ;о го;го с; Amu;Mine; мож;— -2; сок;на 0;дири;ириж;буду;что ; в п;стро;а на;ский;твен;, а ;бизн; что;ии с;ший ;нных;ями ;ижаб;час ;голь;рати; стр;а, с;лрд ; — -;едал;, чт;пост;окра;стан;и ко;льны;чная;ur M;я со;полу;прод;лимп;ть т; так;ять ; -2,;rbes;емя ;ремя;с пр;ала ;Forb;созд;дут ;т на;жет ;изне;йчас;утыл;удут;здан;Amur;пред;карт;осто;ольн;о 7 ; хол;мано;ля р;и в ;сала;прет;етст;рошл;атил; от ;акры;лише; For;озни;лько;трук;ой и;мани;лять;йств;нени;нике;терн;меся;е вр;к ко;о в ;вые ;холд;кспе;ть к;ёма ;импи;и от;абля; мар;асси;нкро;аста;брон;аяви;крыт;я до;а и ;перт; два;кую ; быт;коно;жива;смен;тнош;s на; соо; и о;отст;ция ;абот;, об;, ко;тавк;дукц;олла;еред;мире;4 го;пром;я вы;сман;— +2;соот;В эт;друг; млр;роду;разр;икел;орбс;ручк;вила;й по;вляе;ющая;асно;брен;вающ;язан;ходи;е св;. По;гово;ыруч;скор; Али; 10 ;щая ;ть р;брат;лоты;» и ; Кур; экс;ыть ;ь тр;Усма; США;а пл;нет ;вая ;рчен;ассм;ия б;орац;нодо; до ;конц;ы на;илас; дей;orat;розн;жида;ьный;имал; зол;ател;ензи;ей н;водк;анко;ньяк;крат;согл;льта; Миг; в о;Алиш;ротс;врем;ация;тора; дру;рает;оран;а не; тре;ошен;остр;знич;журн;вший;ульт;ки с;ся д;и ме;вски;ренд;ему ;Курч;сейч;олди;тот ;ереб;ился;нефт;ате ; Cor;аива;о во;иним; инд; в Р; сво;заяв;упне;Амер;нно.;ть п;ство;ей. ;+3,6;Миге;рнал;нко.; кру;еса ; воз; в м; бре;ку, ;ии, ; сог;ожно;явил;авит;же в;ленн;вого;рынк;Corp;неса; рез; и и;а го;ой в;й на;корп;ного; вне;укту;обра;рпор;вяза;наст;держ;вых ;овог;иват; сей;руги;чего;рост; сто; +2,; пер;ие и; нед;шени;оско;и и ;я би;не. ;прош; кур;приё;реть;лити;стви;оить;зуль;6%, ;рупн;резу;раци;авля;ходн;я ро;опро;обир;а — ;тов,;ронз;урче;бира;х и ;о же;оект;регу; его;ошло; спо;имос;ь в ;ма п;нвес;жени; вхо;ласн;динг;а о ; По ; бы ;ект ;торы;а за;лки ;нка ;инде;запр; зая;маль;долж;идер;ста ;ый к;ными;ским;а со;анкр;мост;роиз;авил;асса;того; под;прос;атит;оцен;но. ;ссии;боле;ично;о по; бол;езул;роек;азра;орпо;о до;67%,;ра. ;йски;лдин;елем; вал;орой;ине.; все;pora;одук; то ;ием ;ьной;пере; и п;,67%; цен;твет;ноше;ских;ь 32;Форб;ссир;,26 ;дейс;ению;у ли; выр;круп;es о;в Ро;трет;нова;угих;й не;Aero; вод;Ожид;, ин;прои;рд р;нию ;ации;ковс;енны;енди;рует;апре;лей.;ребр;х об;анк ;лями;глас;— +3;етро; свя;ет и; кар;е. Н;соби;личн;огла;ть д;на У;ует ;на п; спи;каза;ов с; упа;ых и;на д;му б;тить; кас;е и ;й за;ываю;еть ;рого;а по;ение;лице;тате;поль;й Fo;ирае;л» —;ающа;. На;и ал;в ми;ител;6 ру;es н;ольз;да, ;а ди;orpo;зани;дани;ров ;ицен;е ко; и т;астя;риём;14 г; Усм;014 ; На ;литр;е то;му в;игел;гих ;д ру; зап;зыва;ой к;ченк;меди;дные; объ;рабо;онья;долл; и 1;плат;лее ;2014;одов;и тр;е дл;одор;трой;ндек;ет б;ценз;0 мл;лого;. Но;оотв; с с;еле ; г. ;одны;овле;сно ;ми н;стои;порт; «Ме; ЦБ ; тол;в, с;ила ;и ра;на, ;оказ;ходе; но ;ести;отве; мир;едел;рой ;ллар;стом; мед;ть в;спер;. Am;eros;сиро;а — ;крот;ивае;ть с;зраб;, ос;енко;ляет;3,67;пней;ть 3;ишер;сере;ков ;ссах; В т;тель;, но;олее;выру;иёма;овых;новл;укци;март;я бу;отно; роз;стру;валю; Фор;ветс;кий ;а Ук; оце;то ж;ий F;егул; и д;пора;ируе;глав;урна;26 р;и вы;толь;алют; и м;нейш;дан ;расс;амер;ти о; кас;вест;ктур;rpor;ельс;ода,;ейст;идае;прое;. Пр;конь;чени; +3,; в с;Росс; лид;ены ;ьтат; зав;rati;неде;туры;этот;ько ;инве;а та; В э;ольк;вить;деле;ко. ;а» и; тра;закр;лиде;быть; рын;декс; 0,1;ой н;ничн; вре;овая;— 36;дско;Госд; обс;ъеди;влас;те о;ефть;исал;д Ми;США.;.Сет;н кр;й об;щью ;. Об;ешёв;рае,;заим;тказ;ьбой;го н;едыд;реды;ро, ;экон;выша;2,19;т дл;алий; 67 ;рых ; UMH; МТС;.Сег;гуля;.За ;уск ;ложе;т ег;р по;густ;амые;я ва; аме;инг,;чной;ынко;0% р;ML86;ий» ;ь сд;ц с ;дока;ая з;рная; Мил;и СШ;, «М;й пе;рет ; 50,;о. А;ся М;вщик;дает;ь вс;оряж;ик б;анан;т де;вейц;не п;овно;лато;но б;отка;уры ;бы п;тра ;ля б;7 зо;те р; мая;ас у; Иго;сы и;атеж;л ещ;0 де;л Fo; +1,;011 ;иказ;о ры;имоп;иаль; ирл;ошёл;г, к;рбс,;орни;тани;Сейч;се с;: Ан; До ;своб;ь.Го;одят;лово;00 у;раля;лу п;рёхм;аз Р;ия З;11 г;уник;нзов; С 1;отым;един;орти;ion,;аины;инг ;внес;несё; «Лу;л о ;19%,;дин ; 1 м;5 ли;ля 2;ера ; руд;риро;1 ма;а у ;диру; коп;Самы;, то;Г-1 ;ель»;ю в ;ти м;нцу ;ицио;ебря;влия;в ре;етье;я ба;а си;на с;нди.;подъ;едач;нно ;нзы»;А. П;ии «;6 мл;онны;вои ;нг, ;ойку;ких»;туац;екс ;ец с;2,67;быст;й ид;абле;бы 1;КОС»;% ра;ащён; отн;ерси;диа,;ую п;мпст;л Хо;ачу ;у бе;него;лота;8%, ;вки ;ут в;«оли;о не;ии к;уаци;ом» ;тро ;ли с;осво;огно;ьств;туда;uita;р: А;ны в;.Гос;то к;в од;10 м;евро;ь кл;иями;ылас;0,04;» до;каса;оизв;кред;«Меч;приш;инте;х ро;на 6;ны н;, «У;имо ;q — ;нкт-;рому;до ф; — с;сах ; Бан;ки: ;ки д;, гд;ю по;нце ; «Ол; Jon;5 ка;,61%;их с;имущ;вы в;т Уд;бще ;м ко;и жу; (Ae;ешни; сде;ем э;вала;тико; руб;,  к; в к; в $; 250; Из ;%, Т;а ко;ведо;тори; аме;й мо;жно ;акти;к вл;зова;зави;зить;лоин;рыла;ка д; оди;ларо; дом;т ис;ям Ш;рехо;сего;t Co;упак;льре;ум о; сло;аютс;жен ;брян; изд;шера;-лит;ой я;еком;ls б; в с;ый в;мые ;од М;инск;.Мет;а Ус;ва о;лено;вал ;кали; рег;вова;кций;объё;вост;осду;ая к;авне;спир;ая п; с 1;oup,;3 го;рман;т о ; с У;,5 л;симо;ая A;ртов;ку р;ня в;и де;фрас;ди, ;hiqu;е ше;ава ;ти р;ас в;реда;. Са;лежа;ся б;ию с;силу;ros);ь и ;При ; Sba;ов б;рии,;л «Н;ы Иг;ки к;е сп;Пара;— го;егод;авщи;nes ;А вв;ь не;и, и;rand;ъёмо;ажи ;ел» ;необ;мику; пит;nati;с тр;олил; о с;о ме;«КАМ;йший;ow J;д дл;нга ;s бу;ы вы;на ж;2017;ом б;зако;н хо;я.Се;го б;ном ;Банк;едев;нози;го д;ерна;бов.;евал;го г;супр;рогн;безн;едны;алло;сь с;доро;ён з;ы во;а, ф;верс; При;андс;, пл;дина;бса ;ах.В;е об;х. В; 293;в.Се;quit;апно;и бу;с в ;рито;иман; ока;отки;50 т;и от;&P 5;ёт з;ей Г;нзии;дств;оде ;одку;арал;0,13;три ;выро;ёвые;лиц,;оэта;ая н; быв;пуск; Сер;ion ;лилс;и. В;итен; вст;божд;0,17;руб.;е и ;во. ;наче;рой»;Сеть;яцев;нов.; инв;лани;х.В ; «бр;жног;вола;са н;71,6;нос ;о оц;исте;«Лук;едло; сал;+2,1; с 8;было;ванн;ее 6;Дмит;ию п;1%, ;и «б;иент;ичны;ёмом; Aer;ТЭК»;ргов;да б;пал ;ртсм;за п; пов;орил;а Дм;от в;ку л;ель ;исок; 322;дыду;5 го;ий в; Экс;ся к;дорк;асед;Офиц;оноп;овую;мину;РФ с;февр;на 2;с 1 ;ь Па;нётс; в «;шэко;воли;ы 14; в 2;140 ;, ст;и «с;едос;еорг; мом; 6%,;25%.;воём;ятни;ройк;ся р;ва д;трен;аимо;рков;ю во;лн р;ичес;ьер-;орых;фтян; тор;отой;о на;прем;дене;мпий;зовы;нкци;крае;нешэ;ержа;n, р;ачен;же Г;смот;» Ал;ких ;с ам;чка ;ь с ;ть» ;а, у;ё в ;редл;екаб;ны И;линн;м, ч;Эта ;я Ми;го р;ссмо;по о;ия «;трив;ская;вит ;испо;ытко;о пи;лрд,;ии С;дачу;млн ;орь ;годн; к в;у бу;sdaq;ть з;я ре; фин;жку,;бслу;$4,6;ылка;нт н;75 к;илов;ортс;й, б;ежей;пийс;таси;и са;о эк; 25%;тен ; кра;лято;ент ;нах.;авши;горь;ЦБ п;сьбо;H Gr;узоп;писа;на У;вкой; нео;х пр;250 ;«Нор;l и ;лужи;с ба;ммун;мом ;пном; мем;рс е;По е;ицце;импс;фть»;кт-П;а то;стем;9%, ;м Шв;с S&;мнеф;х» у;тёжн;зпро;м зн;Олим;авле;раз ;ую б;о вз; в д;ся, ;обож;По с;одит;ника;Хаба;о и ;смат;амик;аря ;й Се;расп;заци;е це;ерах;ones;  на;в $1;ею К;а ак;собы;ер-м;отзы;з ми;блям;а 27;ft C;оимо;авгу;ейше; гла;нала;ты 1;тску;цери;Мета;д и ;кие ;ии а; жел;но н;я по;емый;алка;и — ;я Ме;поря; отз;6%. ;и, к; Дми;я ви;езно;ропо; Гер;в 25; $4,; Сей;ромн;ого,;ак. ;в. A;лой ;Пете; Ана;желе; шес; «КА;40 м;«бро;кий,;тиль;от р;о ка;овор;ь ка; Int;бытк;лках;знал; обр;ещё ;лжен;КГ-1;нанс;мо б;орго;ику ;мьер;275 ;: дл;oscr;пита;та 2; тро;лотн;итро;офор;Sbar; выр;объе;м ва;s Co;я ра; Аме;ерты;ейки;залс;ла о;s от;пстр;, по;ций:;013 ;стер; в к;rnat;1 ян;ионн;ita ;горн;ва «;го, ; к к;йско;рсии;же у;Chiq;s к ;ю на;обыт; акц;ильн;ра Д;,04%;елез;истр; «Га; вол;высо;ния,;ывоз;ики:;йки ;8 гр;м.Вн;внен;ожен;едве;и об;т в ;ли: ;вози;ем н;наша;посо;ровк;мопо;злич; 7 в;едиа;у тр;ю с ;т ра; зас;ря п;ит д;15 г;а бо;езна;ми м;помо;, пр;аньё;сть,; в р;длож;s оц;Герм; сер;scra;«Ура;. Се;еи в;ллиа;обле;аина;ва н;тему;сход;аинс;ддер; Сан;Миха; ML8;на с;ртир;засе;и ир;в.Ми;н ру;о ср;67 к;пол-;т 10;ей С;сия ;шлой;ержк;алим;койл;ых б;прож;тво.;фина;ца з; сил;к до; 1 я; В м;в св;шер ; 201;67 и;конс;ранс;е 6%; 30%;Серг;б. Б;особ; ему; эти;пятн;293 ; поэ;2013;дите;де н;ен А;раст;рты ;1 г.;США ;клие;MH G;Из и;Удок;,56%;стью;ятор;жани;ля M;эксп;в, м;Б РФ;т вл;е, и;нал ;уду ;P 50;яет ;0 т.;омен;н за;ую в;н им;нди ;олат; 1,5;г мо; «се;иции;ти, ; 140;и 29;тки ;аде.;ома ;ло б;ый 2;322 ;ённы;увол;пицц;9%. ;даль;ь ру;стях;30% ;аил ;Обор;а сб;т по;нкам;екса;рий ;ришл; дин;ые м;ех» ; в Х;пейк;ет з;зи с;и ст;о сл;дят ;ью д; нов;ша с;ансп; Так;«Оли;дов,;то 1;ла б;ь Фо;с Ук; «ЮК; и У;тики;99 р;аша ;итри;в, т;опон;м же;сто ;в. О
Text 3; на ; про;ого ; дол;стве;ение;осси; до ;ные ;венн; рос; при;ния ;тель;оста;банк; год;нии ;ства;сти ;прод;каза;ител;рок ;ност;ельс;еств; руб;кого;ьств;чест;став; сво;ний ;ског;. В ; под; кот;влен; на ; пре;тва ;твен;льст;рода; за ;.• В;чени;ется;ной ;асти;е на;ать ;ении;срок;отеч;прав;коно;ных ;а по;нием;году;мене;ссий;руб.;росс; сро;тся ;ких ;— до;ател;ного;шени;биле;акон;ный ;ссии;ичес;о пр;ийск;сийс;ием ;ания; Рос;поте;ения;азан;рубл;на 2;и по; был;ннос;отор;анов;ние ;ерба;ческ;кото;ить ; — д;Росс;енно;пред; сни;сть ;рошл; нак;своб;нени;изме;млрд;ся н;азет;ельн; пос;а и ;ную ;ений;обод;л на; бан;вать;ажда;лом ; в с;аказ;оноп; пол;го г;ы на;данс;кже ;газе;матч;авле;роек;, на; рас;ость;йско; акц;анст;и на;, пр;на с;нефт; это;раст; ком; дву;енен;ости;а 2,;акже;долж; одн;аетс;вых ; раз;рост;вобо;прош;оды ; гла;ражд;рбан; Ива;опей;опро;о дв;оект;али ;я на;• В ; руб;елям;в на;нов ;а ср; изм;упал;сии ;теля;енны; лет;вано;нопр;анк ;сост;льны;змен; упа; газ;ый п; мат;стро;зани;боды;тве ;— на;и в ;нака;о го; стр; сос;к до;пост; по ;Иван;ичен;Сбер; пор;ал н;нств;берб;глав; наз;лени;вели;граж;и за;прое;акци;ждан;ок д; рын;нные; Сбе;Госд;осто;ефть;тказ;мпан;меся;плюс; обя;дост;б.) ;омоб;етст; об ;ый р;овно;отка;такж;кции; Укр;олог;ом г; нос;бяза;я ли;чный; нар;епер; коп;обяз;иров; в С; млр;ия л;туац;нове;одно;авил;рыно;• За;евро;х ко;я до; ипо;рени;ух л;а ли;ы до;тво ;влад;делк; имм;личи; изд;осду;, об;, ко;й.• ;, по;олла;за л;личе;ечес; до ;йки ;ает ; буд;смот;ном ; авт;ынок;доро;, чт; мно;шлом;вила;й по;удет;оряд;остр;вори; 201;гово;олит;ть р;усск;сите;февр;» и ;жал ;трен;л св; огр;а бе; бил;ассм;ть» ;приз;ссмо;млн ;. От; так; оте;аров;х пр;. за;мым ;редн;4 го;ника;в ко;анич;. — ;буде;и — ;и ро;поря; коп;ся, ; дру;ктор;тави;ован;дной;ейки; в к;легк;х ле;и ос;Зако;ий с;ды н;к на;ему ;руго;фина;краи; «Эк; в Р;особ;увел;В пр;раин;оду.;овен;ство; из ; кру; воз; Так;ии, ;ой и;авит;убле;док ;ленн; уст;% уп;ду. ; исп;ок п;ва и;з по; 0,6;м св;ет, ;ия н;вает;умен; АИ-;к пр; до ;каче;вног;сско;а 20;пейк;с на;смо»;дусм; гов;ов и;ладе;аине;мног;АИ-9;лити;еты ; уве;ядок;рупн; В к;В ка;ть о;перь;сумм; лиц;одаж;блей;ожал;ия р; неф;инал;рани;щий ; ино; 2,2;енед;дате;лжна;ипот;отре; и ф;логи;что ;ошло; В п;б. з;ь в ;и фа;ноби;ом (;п. —;втор;мент;сниз;равл; — н;част;ект ;копе;обык;торы;.• З;ем с;долю;нка ;носи; вла;альн;ваем;евра;ная ;огра;кнов;быкн;уаци;едус;«Экс; в о;ммун;лиц ;ал с; раб;ситу;зыка;имму;сяце;пал ;Укра;осит;матр;томо;уб. ;изда;авто;ом н;йски;т с ;двух;с ог;ми р;е ра;стра;олжн;на о;знач;сдум;обил;поли;круп;твет;ских;ачес;а от;рожа;фть»;смат;анка;рива;ании; выр;рова;русс;елич;омпа; и р;оду ;, за;ть б;итуа;н ру;ю до;рабо;лей.;вы п;изил;пном;лями;ет в; гра;олю ;подо;а, н;порт;упит;пани;ии в;ых и;есяц;ерь ;е и ;м го;я от;о яз;реду;орит;ции ;лн р;ь от;это ;свою;азва;), н;уб.);овор;атри; с о;вной;му с; не ; мес;н в ;нная;. На;тся,;ся о;дани;ки —;рави;уноб; плю;озни;ский; РФ ;14 г;014 ;литр; пок;% до;одор;, а ;ству;ия в;лавн; что;зако;ы пр; зак;ть н;Эксм;ями ;низи;долл;иоло;вою ;к ра;ьные; кач;рия ;моби;2014;усма;тву ;тиче; лит;гран;люс ;на 1;у. В;ов н;биол; млн;том ;, пл;. Та;мотр;убля;коп.;дет ;стан;ила ;и ру;ет с;й со;едел;ллар;упно; и о;ивае;друг;ечны; сум; отк;трив;в и ;полу; рус;комп;а в ;ли н;назв;орож;зеты;и с ;течн;лю в; язы;жна ;в пр;язык;ять ;до д;ветс;ыкно;кий ;а Ук;илет;стал; Мих;чные;до 1;расс;вух ;оп. ; Зак;торо;осту; сит;об у;ески;рядо;ксмо; цен;муно;2 мл;ыват;неде;лет ; Гос; евр;ниче;тств;врал;на У;тече;обио;аний; за ;овых;втом;го я;вите;уста; обы;здан;• В ;ав к;егки;а ис;нште;д Ми; Lad;в ср;, со;азум;анн,;икто;елка;го н;е ко;едыд;реды;енна; (16;ты и;ивно;чен ;ост,;леги;и ко;84% ;лся ;а ка;прив;476 ;быва;53% ;ли к;маце;% за;ан о;был ;здра;ирны;й «Г;тыся;емое;ую г;тчи ;ых ц;не п;лише;но б;оты.;ду о; уча;е св;а эт;н ис;ной,; дом;выне; реч;». К;ашен;й от;Так,;умма;трук;тча-;фтян;во в;до 5;у в ;е мн;ВВП ;цело;т в ;ает,;м, э;думы; фин;тбыв;: Ан;,97 ;боты;тала;(16 ;ей т;» Ви;ысяч;терн;ен в;%. В;еред;ны д;дель;тавл;«Ипо;внес;несё;нцам;) ра;, те;етов;е од;тат ;не и;ав п;о в ; Пре;туре; фут;ласт;а 9 ;ерик;ла 6;холд;и че;апра;Миха;пяти;м ос;ю в ;я но;влия;721,;урти;ть к;щерб;ВП с;угом;стии;рь з;ии «;ерче;сред;на д;ля. ;доль;делю;7 15; в д;сь д;иваю;ер н;. Бо;ю бы;о фу;аста; в 2; 2%.;%).•;8%, ;да и;ва, ;вки ;ится;е по;ем п; — 2;е яв;й —R;крыт;штей; отб;ли с;огно;тано;жно ; Cit;одня;10 м;нно-;ртии;30 8;рос ;оизв;бер»;кую ;«Меч;ь» и;5,8%; реа;ся д;б из;еспе;исал; 16%;«Пре;о кр;рнир;6944;лрд ;чере;652 ;маны;рд. ;Авто;чемп;обо ;iti ;рази;их с;тва.; выд;л Ив;й за;напр;м не;и АИ;28%.; гра;ира,;инзд;158,;е ры;о ро;отст;р, А;тбол;доле;на в;ция ;гокв;тепе; 9%); За ;ЭКа»;зави;прид;р.• ;ларо;идёт;у он;чему;ве м; 29,;р Са;дакт; к р;в Сб;яютс; сло;— 2 ;ше в;оже ;абот;нара; упр;е из;этом;ой ч;вани;ги г;орые;16% ;ва о;вал ;луча;ые —;кие ;«мил;ИФа»;и гл;дени;инят;авне;ещан;обес;до т;45 т;но в; свя;тавк;симо;2 в ;зету;стас;36,4; обл;жене;i сн;%.• ;фарм;рьёз;ти р;6,40;е ак;. Са;п-ме;была;зате;ушен;лион;ксан;(10 ;изва;юс 9;нк н;занн;егор;хаил;и ле;ды д;егод;уму.;Аргу;ь не;пром;пали;21, ;меча;икак;ле к;• Де; Мэр;206 ; о с; ВВП; кре;я: «;нга ; сде;о бы;ил И;неза;РФ д;ал р;не.•;льте;го б;бман;нски;оите;ерна;до о; (30; за ; млр;».• ;рогн;ь за;й уп;ноз ;квар;ую с; 60 ;а го;омар;енты;е ал;омме;ло 3;ка п;ербе;явля;но 2;вроп;ое ж;оля ;Анас;.) р;дств;ров»;зано;чия ;эрия;мает;ёзны;е ус;6% з;м (1;ьше ;Нико;выро;комм;ммер;конк;вающ;ии н;у сд;рбер;адач;ю вл;енто;язан;ия з;,694;одна;% в ;Хинш;ть и;меет;одум;е — ;яцев;$• К;ых д;жны ;% на;кт о;нное;ид М;ырос;было;ванн;ёх м;ись ;ы». ;ичны;и. М;зада;В 20;за п;ит о;мира;гиро;оянн;а ув;ий в;мере;спор;едпр;а.• ;мину;драв;ора ;ри п;на 2;ст, ;амым;Слав;ти Р;х» и;сове;утбо;едос; Кур;ацию;р: А;связ; экс;гори;илем;к Ci;ряму; дес;езде; пря;коти;р Хи;му д;ела ;ны т;лава;с пе;обре;мма,;ов. ; США;ой ф;ачен;т, о;ка, ;бенз;ы се; Ник;ю пр;а, з;рба ;ия б;ричи;товы;тосп;ель ;3% у;ту и;тор ;го р;ёт».; — 4;«Теп;с 9%;, эт;испо;ь» В;ияти;овыс;годн;бнос;ыка.;розн;ой о; «Те;8 тр;рефы;я ре;асле;ра г;,8%,; фар;%, о;16 7; и М;рочк;0,5%;поде; «Ма;детс;ва У;ии з;нный;9 ко;сокр;За 2;ытия;писа;асту;ась ;итр.;ьный;де о;а РФ; ему;в эт;рс е;хель;речи;ючен;дом ;бова; бен;на м;ры.А;и фи;дано;реда;люче; Сро;ов».;н вы;ондо;раз ;2,6%;куме;еет ;ую б;рые ;риоб;а РТ;. По;По с;,2 м;зден;На 2;рит,;ённа;олая;я За;льно;рь «;).• ; в е;Напр;ик д;м ст;пит ; с 2;Михе;. За;окуп;азат;виле;х и ;х се;анию;репа;5 — ;дног;6% д;новл;ике ;я по;в ст;ро в;ь ко; Фер;ация;очну;госу;ло п;. «П;льну;ою д;а об;левы;ли в;выда;ранц; Ана;н сн;я.• ;на 9;ые и;таси;ОВАТ;нтос;трой;ов п;апря; Всл;га п;ебов;луче;й ср;о хо;выра; 36,;ллио; а Р;санд;ие р;дпис;ие о;огич;ние:;е за;» др;ихел; тре; отс;н на;2,29;пока; Аме;ли з;-отк; хол;25 ф;нид ;%. Б;ию «;знич;ти л;оло ;плен; но ;и ак;коло;ault;вший;й фа;ской;— 4,;в РФ;же у;8%. ;,04%;,5%,; «Га;ев. ;ы то;ке и;ензи;ьщик;а ко; — г; «Об;арат;р «Н; и Ф; 158;64 м;лии.;ырас;ым п;угог;а 65; 20%;посо; сок; зас;зи с;рмац;на 4;аги ; есл;редп;,43 ;едже; уго;а» Л; опт;а га; соз;». Т;Сдел;ит в;о тр;одав;олди;на к;ей.•;ии А;10,5;ртир;ился;умее; (10;м оп;д. В;я Мо;ира ;2,2 ;сия ;ии ф;Самы;д ру;откр;а 10;оп-м;е Ро;веща; час; Точ;,31%;едно;спра;ект,;авы ;ли 5;ы.• ;рных;8% д;им, ;о на;МВБ ;леты;дума;заяв;ых п;Удму;и до;ач, ;заст;Амер;ндр ;6 ле;евти;е ид;расл;а 2%;я в ;эксп;деся;ла б;т вл;етье;ода ;» Сб;купи;ую в; фев;ра, ;домо;и ле;ые к;кт, ;уфин;ть е;ия М;8, п;ата ;аруш; общ;по р;Ф до; сег;0,69;аил ;) и ;т по;екса;мурт;склю;о 0,;мо».;ано ;суда;у из;ех» ;ен н;896 ;о сл;жу о; В х; сог;птов;маги;ожно;бесп;а «В;ке —; мин;жает;ВБ с;в. О;4,28;сли ;рает;ки б;ы Ал;ов, ;ка б;ежен;оны ; обм;ечи,;игры;ка «; фак;и — ;ное ;онид;авис;ны о;обно;у. С;ат Г;дущи; нез; она;емпи;06 4;очем;рынк; сер;авел;к уп;ти д;пейс;Преф;Заха;нало;«Газ;е вс; вын;в СШ;за н;навл;назн;6878;ла 2;а». ;ым а;ию н;рале;азы ;у ро;преп;редо;ия»,;ий ф; вне;6 72;анны;дыду;у ок;по п;у «А;0,47;согл;дене;ая д;рд р;ин с;ил п;й гл;ые б;роит;их к;прия;нок,;с 0,; лег; чем;ейн ;влив;». П;1, п;аз п; дос;азна;тии,;, ес;случ;х к ;крат;гиче;квы ;пион; нап; и л;е оч; и н;тран; пер;е це; при;ыл о;орый;не н; нед;Б». ;о 36;й ту;ой с;ам г;дава;атча;бщес; Сав;(30 ; Отм;р не;ти и;озда;ч би;учен;я во;жер ;зпро;ко г;лова; «Пр;04%.;Боль;рада;пара;иц п; фев;—Ren;кцио;ТЭКа;0,68; 64 ;нако;, вн;%. Т;дпри;огок;ьей ;зват;ус 1;анск;атчи;реди; кол; вли;ейск;юту ;96 ш;в от;пряж;олуф;ву и;иобр;фы» ;я Зя;т та;кова;Мече;ую н;ахар;• Ку;й ча;и.• ;альт;юс 3;зин ;ежно;це б;евых;вам ;ю на;,56 ;зуме;ве а;пате;я», ;инос;арма;ц пр;в кр;,40 ;азал;у со;ло д;атег;сту ;еты ;рент;сить;кспо;сех ;прио;ловн;в ев;мери; без;еезд;рит ;вязи;• Бы;ю «М;тивн;а 8 ;я, д;тр, ;р» д;ре. ;я, н;начн;аж м;м гл;деше;цев.;обще;нер ;очке;, ми;И-95;ятия;зать;алич;ны и;я ро;жённ;х це;утат;рд р;ий з;рият;и «С;тпра;реал;за э;с 16;милл;тов,;втич;с 31;куре;мо» ;нкур;рела;кред;ольш;реть;из 6;В хо;ако ;тько; док;7% н;.• Б;если;яце ;харо;т он;ка в;РФ и; в э;и, р;упро; «Сл;бира;бо к;на 6;лей ;думу;о 50;но, ;ти з;полн;икан;ет 8;Точн;Бывш; — н;%, а;(5 м;лги ;лем ;од),;ев н;виси;имос; «Ме; оче;ы ип;то «; и в;днем;чин ;лняю;т, ч; Зах;ключ; 8 к;год);чил ;й ак;лият;Всле;енеж;едак; пят; отп;а тр;0 мл;А, М;прин;еско;тьей;то С;ивил;щим ;ребо;лет.;я за;динг;о вы;о 1,;— «Э;до 3;6 ру;рта ; По ;цевт;х до;ду с;м, к;яжён; соб; Быв;за г;а 13;факт;прог;в до;о эт;едит;наль;32,5;тов ;о 29;лки ;ефы»;итр,;упат; «Ро;ы, с;о» в;а ра;и гр;то п; Мос;ии —;недж;Пред;». Н;стех;ля, ;ор: ;27% ; зая;ет к;ые а;зил ;тяны;с 2,;я ущ;ла е;доку;lt (; Отв;аден;зных;ых к;х от;ьев ;чную;новн;а та; Мож;скую;, Ив;за у;ие т;в Бр
Text 4;ого ; про; пре;осси;ения;ния ; на ;ных ;грам; при;став;прог;огра; год;стра;рамм;мпан;оста; под;льно;рогр;ного;его ;нии ;что ;ссии; руб;ании;омпа;пани;вил ;рубл; что;, чт; на ;тель;комп;Росс;нени;абот; мар;ичес;ких ;тави;заяв;о по;ов, ; ком; раз;али ;альн; зая; раб;о пр; выр; Рос;сии ;ител;рабо;пост;ческ;имум;ости;я пр;рудн; от ; пос;сотр;ссий; 201;росс;ции ;теле; рос;остр; нед; это;прав; сот;тран;труд;влен;и пр;ой п;иков;о ра;ийск;сийс;удни;ских;е пр;кие ;отру; пра;ение;году;года; по ;ност;прод;держ;ские;елек;акци;пред;симу;го и;нико;кции;кого;млрд;чело;аста;итал;сего;еком; свя;, по;нием;ает ;акси;выро;Adob;спро;л пр;ых д;нфин;связ; до ;ксим;реда;тся ;ельн;д ру; рас;ктор;ьног;го п;а на;ил о;овны;ают ; инд; сво;авит;убле;для ;жени;ием ;анны;лове;шени;ский;ског;рд р;блей;сти ;едак;вных;инде;атор;инфи;кой ;ный ;авил;ырос;йски;кате;мини;редс;Минф;алья;ению;obe ;ижен;, ин;оду ; акц; без;ии в;дник;аяви;вой ;втор;но п;на 2; обн;тала;лрд ; — -; про;dobe;ия п;едел; для; мак;явил;кий ;оров;лени;вест;ала ;торо;. По;овек;елов;неде; Мин;вите; до ;ной ;макс;нтер; сни;ла н;сть ;ом г;го г;ия о;л о ;през;овос;лся ; по ;ежду; об ;мене;нии.;нент;Рост;а те;боты;2012;два ;ичин;-пре;един;ении;ерат; коп;то п;их р; млр;безо;нал ;делю;е по;о не;ом» ;обно;евоз;тают;нной;рос ;ина ;а и ;инте;оей ;ми п;ихся;тори;ция ;м го;дакт;зопа;вани; над;ой к;егор;льск;елю ; ВВП;или ; вер;бота; пос;рафо;енты;ах. ;Дожд;щего;вила;й по;ия Р;боне;%, «; в с;ю по;ала.;за п;м, ч;а, п;банк;гори;орск;вери;очно;ержа;рези;ель ;пров;расп; янв;ась ;ьный;авле;ране;пера;стел;заци;преж;щих ;кана;те п;госу;екан;ован;ерев;я ра;ейки;прес;ость;ской; год; дел;аспр;а ко;пасн;ка к;ем н; зас;и на;тия ;вски;ддер;зиде;рево;краи;иним;ых п;-за ;и до;кращ;заст;раин;ода ;ское;я 20;мум ;сь н;и ли;ии, ;низа;афон;х пр;рынк;3%. ;изац;2 го;ия н;вых ; дос; дан;ммы ;рост; пер;гани;ство;ой с;пере;пейк;с на;рада;разв;з-за; чел;едст;фици;лади;лей ;— -3; инт;стор;атег;ами ;ловн;ых к;вязи;ражд;опей;рган;на 1;ия р;. В ;осте;го з;свое; чет;нвес;с до;ли у;я на;еско;сниз;. В ;ии. ;опер;копе;а за;в до;рски;нка ;зил ;отаю;овск;ниже;ающи;аявл; пун;ания;ать ;ть а;раль;йки ;снос;нках;прос;езид;й ра;аниз;Укра; пот;авто; все;та В;голо;а 2,;акто;ии с;анно;трад; -3,;ком»;лека;дан ;рова;льне;олов;март;а. В;ь ак;на в;нию ;ации;шей ;ющих;вост;одде;рато;подд;изил; к с;по с;пунк;льны;та, ;лась; гра;на р;хся ;росл;012 ;язи ;нвар;й пр;ся п;овил; упа;рств;фин ;азви; — з; в р;— за;ией ;ущих;едер;ниму;сход;леко;е вс;12 г;дали;тего;и в ;того;ий м;о от;нных;щихс;низи;торс;о го;ира ; гос;мара; пон;нем ;и по;ьно ;онен;ндек;осно;ынка;ь на;упал;ажда;ниче;угол;анка;амма;том ;иден;всег;порт;убля;стан;рода;т до;и ра;ил п; опе; кат;дста;ести;нкта;над ;бнов;ому ;анал;езоп;ума ;дент;«Рос;ках.;данн;араф;этог;й ст;явле;чно ;овых;ункт;асно;«Дож;х де;ии н;ства; наш;ков,;стал;и вы; тел;аммы;воей;нови;граж;ельс;янва;ров,;и за;ждан;чени;» — ; инв;треб;ески;ены ;т на;.За ;снов;инве; Ado;енно;таль;опас;ется;до 1; рын;декс;и ин;арак; рей;оред;кому;кило;как ;В 20;прив;ажны;у»: ; авт;в ср;каин;ольн;иаль;кони;ль п;% и ;меся; В п;едыд;реды;25,0; упа;ивно;чита; МТС;орие; эко;ль э;ля р;е ав;ма в;мных;0 че;отер;6,45;а ка;ут к;дост; Кры;». В; тож;луча;езус;дока;в, п;», с;ом»,;ая с;онес; сни;прис;смеж;логр;униц;поко;не п;щил ; том;исое;ащен; уча;085,;нег ;Face;а, ч;и сл;и по;торе;е к ;e со;ы Ка;аемс;прем;Всег;ой и;оза ;до 5;рофи;ВВП ;екра; — о; «Ро; Укр;к.Аб;ршру;енес;окин;: Ан;о ге;2 ре;ю не;0,2%;твёр;н», ; ном;деев; 23,;ОЭСР;йств;А Ми;помн;у Об;42 р;терн;инис;10 г;да н;А Ба;осла;г од;тега;дель;аины;инг ;несё;%. Б;«Инт;февр;, пя;ан д;афро;новк;тат ;оисх;о в ;ругл;дин ;ерик; в р;ия е;и «Е;о да; — д;рики;дире;ти м;ля. ;.Офи;» и ;сусл;ыми ;таб-;и от;капи;ся н;се г;нно ;лю м;ии «;США ;ерче;рнет;сред;кс М;туац;екс ;енту;ст. ; уже;гион;иваю;неры;суто;а ур;койс;парт;% с ;ика ; Цук;олиц; 146;9 со;арби;г и ;Боль;ёрты;да и;роис;s сн;уаци;возк;жду ;огно; буд;тано;ны в;и в ;в эт;иями;х ко;–3%.;каса;ждь»;р фа; два;приш; сит; ста;х ро; 39 ;рени;ны н; Бер;б из;азов;3,7 ;коно;е та;96 р;сниж; не ;ки д;и 71;штаб;подр;деят;а ад;выше;ующе;12 п;тком;уэль;ца.Т; смо;осле;м не;любо;вала;тина;дмин;58,1; гра; А М;тво ; соо;учше;нфля;отст;ЭСР);бным;n Sa;ие ц;08%,;акти;керб;ржан;Фон»;ла г;Влад;бые ;н из;й да;.д. ;рект;с кр;: эт;тор ;личи;9 уг;не у;ным ;ты ж;096 ;номи;» На;— до; изд;ше в;овес;секр;этом;овой;-й р;акет;егаФ; 65,;м — ; рег;дени;ть О;апит; рез;, об;, ко;м аэ; В Р;011 ;Б, о;% по;ав».;ы ра;а 10;ерин;родн;) о ;36,4;го о;лком;у те;днем;тста;олла;ы.ру;тово;не д; ист;ele2;вшая;ОМ, ;484 ;инди;Силь;ксан;й гр;а по;рии,;,7 м;гаФо;приб;имаю;нерс;омни;Инте;рейт;авщи;ВП).; 30,;шая ;несу;е уп;пали;ехни;03 к;ождя;х Ро;спок; США;ева ;ие б;бого;учат;ьярд;в, з; мас;ития;ерен; «Вы;дает;го в;го б;житс;та д;ерг ;ий а; бан;dman; авт;тер ;уров;АО «; млр;4 мл;вно ;рогн;роду; с т;ку О;ноз ;ефер;екс ;эльс;ндик;разр;ится;ра С;аФон;шлом;омме;(0,3;оз р;жили;ся о;10% ;ручк;ии л;ситу; 25,;нима;5,85;на е;ей У;тавл;овер;чест; жур;ротк;ль М;я от;но б;ет ш;и дв; Пут;6% и; о т;еева;5 пу;комм;85 п;и ма;ежде;а.В ;брен; Кар;вающ;мети;ая н;. Ев;ей с;арша;рекр;проф;язан;ustr;ходи;тем,;одна; ред;ы — ;хнич; РТС;де в;лом ;могу;а эт;варь;йнер;71,6;.Быв;меру;о 12;сённ;ем б;5 ру;ио Б;омич;офиц;свой; мая;пира;ежки;be с;пять;— Te;соед;ю ин; вид;2011;ли л;е 39;мира;й оп;ав д;(ОЭС;Р) о;ки. ;о 10; из-;т фо;едпр;смог;ждя»;зайн;усск;Офиц;с РТ;тор ;Нару;ора ;ибли;ни з;stra;ек в;ктич;ленн;.Тем;за п; пол;т.д.;р: А;раку; экс;очия;р со;ся р;рово;ум д;л св;рочн;).За; — п;и ро;исхо; «На;и т.;щены;зовы;еры ;обре;ов. ;с тр;идео;ы на;ми и;льви;рета;6%, ;отчи;звит;cebo;Мега;а.Те;анен;аку ;венн;, «М;man ;. У ;ричи;г ма; диз;ду п;010 ;од о;фико;го р; бес;х го;нтип;be б;вяза;ей д;илас;мы I;,12 ;испо;на з;м ВЦ;прия;ии С;ияти;— до;тира;ум, ;.Шта;о. У;круг;ля и;ру 1;я ре; так;0 го;ли 7;афик;оход;рбер;ратс;генд;тарш;врем;Ната;таси;ател; Tel;65,3;поде;ии з;енду;пник;из о;сокр;номе;За 2;тате;икой;ат э; 42 ;м пе;т к ;етев;ру д;едат;а ян;уже ;ду н;ерит;ат с;0,3%;мат ;ома»;сов ;этой;бова;Напо; Sac;редн;30,4;о ил;отны;ах и;люче;реги;По и;ондо;раз ; «До;дохо;нета; уве; в д;ерлу;оты,;е ор;ане,;ника;иват;арь ; док; 1 6;е це;ице ;той ;я и ; або;л ма;м ст;лю п;они ;ейше;арод;Абон;т пр;х не; опр;юдже;osho; Гал; орг;ража;тил,;ава ;е в ;я по;r и ;и — ;орот;мпел;й Ук;щико;ей н;ефте;и, к;ропо;ра P;а об;й су; в F;онах;1085;, см;у от; люб;ка А;тов ; Ана;изда;нжен;A и ;о ит;ые и; Gol;я» Н;неда;ачал;циро;ишло;слеж;исто; в К;рг в;6,33;о 23;ебов;выра; 36,;санд;а не; осн;х дл;пита;«Нар;rato; тре;джет;и. «;ь — ; отс;по е; а н;дит ;Пути;ый о;омер;Tele;Екат;013 ;ё пр;журн;ли 2;ина.; ст.;то н;т. 1;и ак;век ;Вымп; хоч;лишь;рту ;йско; с к;рафи;бург;ья С;х фо;ульт;й Ph;shop;. «К;еяте;ильн; и с;добр;жами;%, д;ых с;юю н;пери;ое Н;Галь; фор;0% —;лете;5–3%; Пре;дове;,7 м;лн ч;а 25;84 ч; кап; сок;otos;зи с;рыму;и.Оф;боте;ела.;тый ;, пр;редп;риве;РАО ;м ко;а (м;отме;ьвио;я Ро; дов;115.;рс д;ему ; Бар;сейч;марш;ла п;24 к;ера ;аб-к;я Ру;на с;евше;ртир;лья ;ился; ВЦИ;ода.;етвё;нефт;одоб; рос; спр;адае;ружи;» ма;час ;я пе;ате ;рака;и с ;ы с ;а 10;ор «;й ка;фина;аива; 201;им, ;hoto;ерри;наро;му н; в Р;ыму ;нию,;осут;дума;«Ека;По и;ей, ;ва м;оте ;ндр ;. Эт;аль ;г-20; и р;х ры;увел;а гр;я но;а 20;оду.;пелк;mier;. Из;лей,;кока;ва A;веть; (0,;сшта;ючен;б ув; фев;ку п;2%, ;у по;ти, ;т Ро;ндир; Рус;ндее; из ;юмич;аруш;С, «; кок;ёт к;орга;рнал; кру;й св;еоре;берг;рофл;т по;мающ;екса;рий ; чел;склю;суда;м в ;а», ;000»; их ;нног; Рос;на У;х ра; нов;воза;дов,;е до;м» и;мся ;aceb;ии.О;ия.Б;маги;в и ; Все; мне;бесп;Это ;ся ч;битр;енен;есуэ;у 11;экон; мин;ти и;сли ;рает;д ул;Сафр;етил;book; реф;в». ;изме;виак;tosh;дут ;вёрт; фак;раща;экс-;remi;Фьюм;н на;ки и;озки;абны;дущи;ния.;овне;ста,;7 мл;и 24;ся м;одаю;ии р;Кара;риче;ду. ; и л;рь и;Заха; кла; о п; исп;готн;ила,;иако;бору;ь, ч;ки л;амм ;ва и;а го; Оди;у пр;л, с;а Ал;, ка;квар; рим; фот;hs с;ет ф;упав;дыду;Все ; Сил;согл; суд;дене;в 30; ден;т Ор;ст д;П Ро;. Ис;46 У;тие ;егаз;вио ;кция;та.В;«РЖД;ил, ;ржит;аетс;ж ко;суд ;2000;. Бо;вает;к Цу;, «Р;ом в;ю, в;розу;реме;ь те;ь» с;ША Б;ций ;одро;ы за; По ;нул ; сей;арта;Д» 1;ас р;эроф;тиг ; сто;ниям; до ;аса ; РАО;в, а;й. И;рие ;раба;прош;деор;Лент;ятел; сил;сско; «Ле;ов «;и «А;тока;рить;ерал;сото;ском;четы;er и;увол; в и;и и ;лнен;гроз;k.Ав;ВЦИО;нёрс;таив;258,; сбо; он ;тели;ги. ;её п;op, ;роде; с г;льта;2-й ;не. ;ртнё;й кл;дика;ось ;ильв;вног; Фед; 719;елко;ажам;ов и; Пол;ь 27;на 4;м ма;аним;есог; кур;отто;х. В; (ОЭ;С» —; т.д;екре;мнен;аине;Один;ырёх;тска;ое п;а ит;ахар;Искл; и с;м бе;ицип;ласи;поки;неле;ерск;ьств;зуль;ют р;ть —;варя;седа;инос;13 г;а дл;ых р;резу;итог;а Ad;азал;уско;стол;00»,;ург-;За э;ы же;и Ad; Fac;о ст;ющег;,99 ;их ч;ета,;тивн;римс;лю с;ть о;жана;и эк;гая ;рбан;льян;пал ;, ре;ты, ;слуг;ресе;рнут;le2.;м за;BSA ;ла.Д;ониж;а Вл;рией;ь ан;в ре;нты.;м, у;5,03;ятия;ен с;4% —;опро;я.Бы;рава;а — ;рият;ии а;одаж;му к;ва»,;рди ; неф;ки Г;табн;юбог; бум;чине;а её;Из-з;,45 ;м.Ме;вене;цы К;ольш;ЦИОМ;ЖД» ;о 1%;он»,;сост;ег д; ОАО; — T; ино;шь а;озу ;тнос;харо;лиже;ходо;ним,;ту н;до 7; 0,2;бщил;,03 ; иск;расх;граф;3 го;ть ф;о 50;4 ки;отре;а Ad; и ф;полн;2,5–;осро;оеди; сот;нача;д. Э;ска ;Бывш;1,6%;бира;ошло;ражн;мма ;ся в;а ос;кая ;а.Вс;, хо;блю ;ех у;,85 ;воци;риод;и му;а Ук;ьнен;атыв;мерч;ла т;асии;1,3%;2,99; Зах;олно;ключ;и. G; сме;угло;отде;ост ;утин; Нат;и уж;прин;ьюми;ммам;яция;нали;15.С;вщик;ребо;тога; — н;99 к;дино; их ;и фе;ра к;27% ;рта ;ал «;,2%,;мско;ождь;ират;ообщ;сующ;м» м;й ми;за г;2. П;тдел;торы;факт;рази;о эт;ем с;ции,;мум,;одер;в. П;са Ф;дукт;огут;8%, ;емся; «Ек;етар;носи
Text 5; про; на ;осси;ого ; при; год;ния ; пре;ител;ние ;ным ;ийск;тель;Росс; это; Рос;ение;ссий;росс; рос;йски; пос;сийс;прод;ных ;ные ; пол;ельн;льно; не ; что;ност;пред;оста; руб;кого;тся ;акже;, чт;кже ;ател;став;еля ; пер;льны;его ;что ;ать ; под;ског;стра;ения;ров ;рубл;года;пост;стан;ной ;ости;я пр;нным;евро;кие ;а по;о пр;. По;е в ;ного;анны; он ;али ;я на;е по;ссии;ичес;атор; пар;ания;рова;заво;альн; за ;дент;екто;я в ;ские;а пр; евр;енно;мпан;лся ;прел;такж;меда;иров;ся н;рите; зан;ерен;ает ;Мега;ов. ;ких ;венн;я и ;ческ;ть п;ра, ; кот;. В ; ком; апр;ьным;полн;твен;тов.;кой ;мини;теля;циал;стве;ссия;омпа;орма;рато;апре;рупп;пани;на п;ции ;Крым;вой ; пок;ия в;рабо;едал;ия п; по ;том ;отор;енто; мир;ому ;кото;комп;ства;«Мег; Кры; сни;иаль; зам;ерат;о в ;, пр;тано;нной;стно;абот;ая п;л на;нтов;году; буд; авт;ится;ходи;гово;за п; из-; зав; так;ефер;енду;пера;роек;и ро; рас;ктор;го п;а не;ован;остр;.  В;тия ;ренд;ился;сия ;дире;-за ;ство; нов;ии, ;ов, ; реф;же в;осов;вета; раз;вали;тран;рект;фере;з-за;ов и;кова;ожет;лимп;импи;нии ; ста;ком ;сти ;еско;жени;анов;част; соб;торы;тора;рита; кон; Сер;груп;ших ;ских;е пр; — п;цион;ании;алей; сво;форм;оду ; мес;сниж;, по;ская;прое; мож;й за;еств;— за;влен;оект;того;авто;рефе;из-з;ии о;вать;тиче;м пр; дол;авод;порт;рода; мед; опе;оказ;ирек;може;опер;амен;этог;ал н;убля;ие в;дале;кая ;кий ;ндум;  В ;лени;иден;ельс;торо;. Пр;жет ;рали;ольк; до ;заме;нные;осто;ии. ;чита;мени;ежду;лосо;го и;ет о;не п;ыма ;а эт;лько;млрд;д по; уже;одно;гала;инфо;аяви;о не;ли с;тают;двар;олос;ламе;осле; соо;акти;ься ;оруж;этом;вани;, ко;го о;то в;долж;ном ;доро; ока;нима;удет;асно;нилс;исте;рете;ись ; экс;счёт;а. Т;ться;рези;парл;перв;одит;окуп;арод;буде;тов ;един; из ;тави;ьног;иона; изм;йско;и се;сле ; Пре;реше;орит;рмац;оцен;зиде;ружи; час;наро;заяв;ых п;2013;уже ;итаю;США ;ода ;етен;вших;сии,;т по;а», ; воз; Так; мин;в. О;изме;ыми ;парт;прав;дущи;вого;рынк;вро.;них ;обра;ентр;вает;овог; дан;е вы;пере;ском; 200;шени;ний ;Серб;аним; кур;фици; чис;золо;лей ;й и ;ами ;обще;опей; гру; Фра;ь пр;олот;несм;труд; ору;оеди; его;ктив;й ко;нвес;13 г; По ;мско;унар;ем с; зая;мест;вари;купа;арла;я па;. Ро;т, ч;рыма;е го;в на;мент;езид;ы в ;глав; фон;еска;дёт ; — с;редс;голо;ерво;арти;го к; сло;ново;ждун;013 ; реш;ера,;редв;межд;сии ; лет;лабс;прио;ли п;глас; выс;вели;и за;й пр;каза;на д;ешен;лико;астн;3 го;фонд;ёт в;я.  ;ации;ному;реля;дет ;енны; акт;зани;тва ; инв;алаб;ский;уппы;х по;ии с;ициа;зыва;едва;го д; стр;дуна;оры ;По п;нист;ько ;лрд ;змен;миро;нтра;.  Г;егал; «Ме;арит;ей, ;т об;ть с;енко;ртов;спор;данн;ся в;полу;дени; в 1;ость;а в ;явил;в за;держ;е ин;ва п;ет п;и.  ; пят;амет;инис;прог; сов;маци;оров;енит;рлам;счит;о из;но о;вест;. Та;овет;печи;родн;нфор; меж;ий и;поку;инве;го с; нес;ом р;овых;ва. ;вите; рын;е ме;курс;ила ;, со; вой;сть ;. Об;d So;едыд;реды;chan;дите;ндир;през;ро. ;отря; Све;исок;е ре;ital;и. С;пиад;Свет; от ;прис;ое р;afon;тари;симу; For;тра ;вод ;кции;прем;ым д;ри э;он б; До ;льдо;нени;орд ;ия З;гут ;й ин;ласт;ьдор;а, о; коп;мост;отко;вых ;и от; млр;заня;етил;сред;в со;аста;дора;нера;ва, ; сер;ам, ;оизв;я до;а и ;кую ; Тем;еспе;края;о кр;жива;ки д;тва.;Emma;ений;тво ;я За;аютс;номи;и, с;ый в;овой;тако;вал ;кций;ne п;обес;ава ;При ;ксан;есто;Пара;2009;мпий;льск;Эльд;необ;исти; в а;ерви;или ;уров;го г;риме;упал;ют э;роду;ым н; При;ми. ;вроп;щего;чест;дств;исое;арал; Пут;конк;мети;нден;ей с;цию.;л пр;могу;годы; дом; обр; 201;свое;ванн;свой;соед; счё;мира;fone;дыду;000 ;а, п;ора ;уппа;тал ; мар;да С; в 2;сове;риос;жал ;трен; в ч;лава; США;смот;ми и;иаде;аяся;л но;одах;вая ;ыров;тор ;непо;нция;на з;ным,;млн ;  в ;годн;ивны;бойт;ксим;то р;собс;аров;рско;ась ; нео;х пр;й сл;едат;служ;м с ; Бут;азат;н ев;ко, ;т пр; гла;анию;дног;ей н;адыр;Евро; Але;брет;ые и;сов,;ачал;ижал;чале; кра;щест;за с;odaf;ейки;Пути;ложе;dafo;.  Б;коло;сист;ской; год;а Кр;грал; и с;olle;ых с;высо;ожен;ии б;ым п; пом;рыму; зол;блик;ий с;помо; Emm;редп;обле;сооб;ппа ;а. П;на с; Кад;ктов;алим;ают ;уост;бии ;бств;а.  ;ыму ;о по;и до;раст;увел;ым, ;Фран; «Эл;эксп;й, в;у по;робл; Рус;итан; общ;екса;опол;н по;рд п; Рос; в м;йтис;ой и;мьер;one ;рно ;бесп; счи;авал;аны.;лоты;низа; Cap;руко;родо;лова;и — ;ное ; сот;радо;афон;7 мл; Чеч;а сч;дыро;овым;и эт; дир;2 го;й на;нитс; вну;е мо;а на;ил, ;ия н;утен;итар;ты р;крат;ы за;арта;сети;ионн;lers;ддер;ой с;пейк;я во;тели;жнос;apit;кцио;реди;анск;конт;ое п;нее ;ma C; Сог;бса»;сова;пате; уве;, за;ти. ;рупн; «Ме;нда ;числ;ющег;тивн;чти ;почт; соц;а — ;пийс;ет с;аты ;рани;и и ;ом п;щий ;ольш;ord ;нску;тнос;твет;бира; был;дным;-мин;. Со;о он;нача;енее;реле;лем ;обре;имос;ацио; рек;мпиа;ивал; зак;раны;олно; Пар;утин; — з;смен;нки ;mma ;серв;Пока;орад;ласн;рта ;ь по;ообщ;тись;Согл;а за;о эт;таво;огут;упат;х — ; вла;ровы;луос;ии —;Пред;тря ;а та;ым с;о оп;скую;сок ;проб;ниже;ета ;атьс;ково;одол;Ford;й Па;ия к;ренн;тени;— пр;ой п;дах ;ный ;роиз;авил;ппы ;раль;йки ;тори;прос; раб;ия, ;нов ;ова ;, и ;овод;иков; бол;ся, ;овал;о до;стем;абса;истр;х ме;ля. ;стер;а ме; Vod; в Ф; SPI;уков;атич;одук;прим;писо;лей,;коль;ов о;ссив;ели ;удни;личи;нутр;обил;окол;толь;еста;До э;асте;ада ;анно;теле;рудн;то ч;екор;рожа; а т;pita;rd S;ными;нижа;одст;метн;гафо;л, ч;лекс;т эт;скол;ий з;о со;сно ;след; пад;ботк;олов;ers ;круп;елич;нова;ижен;й не;рвис;Авто;я Em;по д;мокр;прои; спо; с а;ый п;я не;блем;ам п;ок о;Auch;ых м;огов;нкур;енди;яся ;обыт;сти,; обо;олуо;ся т;сост;поло;лась;онда;изво;на т;лн е;подо;онку;т ст;о ег;водс;ей П;овам; сис;а до;ровн;ыдущ; сре;Такж;в ап;ов с;ента;дате;очти;ая и;ых и; пра;рств;Soll; пот;ынки;елик;та. ; — з; в р;рого;и на;води;вил ;ах п;обст;м дл;, из; Евр;это ;нта ;сиян;овор; зар; уро;Capi;риоб;стро;ущий;вый ;сь н;ниру;есмо;авит;иост;ранц;егаф; офи;втор;ые р;росо;ый з;лера;рбии;ря н;убли;ткой;аков;алис;ают,;огол;реко;«Эль;казы;Кады;едсе;паде;вают;одде;да. ;еди ;одор;, а ;нко,;е ми;адо»;–201;и в ;ие к;омощ;браб; Пер;вое ;емок;ucha;и по;слов;ценк;ода.;нных;ой к;акси;оциа;обой;звод;тали;плат;огла;о го;у уж;имер;епол;рати;е. П; сос;го р;ом, ;андр;подд;моби;олни;одов;й ак;5%, ;цент;корд;бота;Буте;ндек;ду в;в 20;емье;ются;на 1;ртия;в 19;, он;ней ;одны;йдёт;ремь;окра; млн;овле;ют, ;ие а;ерби;мотр;те м;ужия;о ре; тол;для ;азыв;и ко; Пок; но ;их в;о да;отве;й со;» пр;она ; сам;ойти;ия и;ивае;чива;тров;, до;е бу;и. П;дсед;о с ;седа;ысок; для;прин;и со;дарс;нкци;их —;в ин;самы;рвое;вро ;санд;дине;копе;ена ; поч;, но;мерн;енни;ов э;ить ; неп;т за; мак;а то;орож;ова,;т в ;новл;укци;март; нач;тенк;клад;ду у;м со;дера;иобр;та и;. До;етак; в н; Auc;публ;рисо;стал; обе;спеч;жия ;м ме;инен;Алек;Voda;до» ;м на; кру;дние;ерей;расс;ом Р;анци;внут;оном;ие с;ерно;конч;але ;ов з;т на;аден;ыват;a Ca;ропе;ь на; ген;ие м;ирую;и ст;ут п;о сл;ьной;офиц;нном;имум;утре; инф;ller;дов ;ока ;декс;посл;ля в;уста;ой н;макс; Sol;ены ;чёт ;кому; каб;дско; обс;в, и;тать;бора;лекц;ры. ; эко;В 20;влас;с 50; В ч;ми о;цией;и, о;ова.;е пе;ла н; зол;понд;ее 4;м.  ;ная ;икто;орто;,43%;ль с;лся,;тии.;я Се;ма з;ые в;чите;радк;л о ;за 1;с-ми;% го;д ли;ивно;9 го;даже;орие;плив;у, у;ост,;ь сн; 22 ;е ав;ст о;70 м;енск;ма в;. Ос;, пе; PPF;ся д;ассч;ельц;он».; с B;ника;енте;». В;ли к;жит ;емой;, сч;т» А;прет;и бе;етст;луча;был ;tagr;вкла; 767;в, п;анил; вид;иссл;ошли;Респ;s мо;о, к; и 2;В ча;о.  ;е не;и Шт;мене;трий;ндар;нико;гда ;а со; Шта;иван;— 61;с Гр;е св;рая.;00 е;.  С;убль;наме; ост;7% п; Иго;  Ме;го а;едни;нии.;же Д;и Но;в сч;др П;мпор;ю. П;През;ти а;оза ;до 5; Sto;ю жи;бани;ает,;нок.;вопр;м, э;80 м;тани;инён; 4,6;ь. П;ржея; 56 ; с 5;ю не;kay.;насо;ом г; с о;глот;одят;о. F;йств;яюща;2012;н бы;лабо;два ; Око;11 а; В р;ённы;А Ба;ии в;дка ;отым;рото;ении;т Кр;акон;дель; взя;Штат;андн;ды в;та Ф;атур; нар;% пр;Его ;и 15; ONO;не и; 20%; пре;ца у;функ;и че;янам;Миха; 19,;ьско;ichn;рист;танс;ихаи;.  К;З и ;лянд;респ;кспе;. Оф; отв;их р; чув;опе,;капи;не ч;нно ;ия Ш;ьно,; рег;обед;озав;ь пь;е со; фак;есь ;инок;иски;ил н;совы;онны;выпл;нег»;туац; Кан;з го;ил в;ыста; в Ц;делю;с.Де;амым;ошем; 0,8;иваю; Сто;гани;63%); выб;уск ;а 5%;зато;ль м;ся и;ля р;ика ;Кана;в ка;пенс;Боль;т си;йцам;вки ;ут в;бама;e пр;пион;стви; Kab;ьств;ти в;л 0,;тавл; вед;ит з; мод;Кажд;ртии;, ро;итал;перт;рой ;е.  ; два;ряды;инте; Бри;Дене;рени;озра;етом;пола;не м;ум с; поз;яд л;угам;о ло;коно;l De; Бан; не ;чере;из к;ьцев;подр;ятни;м ит;gram;рымс;сиво;ующе;чемп;ле г;инно;слу ;  Пе;а Ро;и зо;авны; и Р;Лени; лид; смо;й пя; хор;м не;ю. Т;нте ;чате;м». ;были;ле у;ную ;Груз;ира,;сказ;Руст; — 1;влад; и о;вут ;но в;луга; лот;ут р;титу;Whyt;доле;ннов;е, а;алия;обы ;лы и;з, Ф;тчик;ие К;поли;м го;Азии;идёт;т ис;на О;2 ст;тор ;зачё;вод»;мам ;а, р;ше п; Это;град;Итал;юне ;й мо;1984;— до;а, 5;нара; упр;е из; заф;а Au;Брит;анкц;Б, и;очую;Одна;гали;d.  ;отил; Тро;м — ;вова;34 м;, ев;падн;ризм; тор;— по;ую р;ig D;ха, ; с 1;ил п;.   ;дала;в, а; сер;ъявл;% по; в г;рман;», д;Демо;блёв;вив ;е чи;ы «А;стас;ийца;ыми.;лнос;дукц;89%,;янди;да г;Ф Вл;ти р;al в;олла;разо;ны з; Cam;еред;е ак;% ре;амза;сты ;дца ;%, с; к Р;с 11;неск;ингр;вшая;Kabe;м с ;Окон;ргал;й гр;n за;мире;дилс;занн;й ла;приб;хаил;имаю;а» п;е сп; изб;егод; 80%;ыигр; 16 ;нет ;бход;и Ра;  Ол;пали;хия ;ны в;фигу;в го;ержа;алют; инц;ие б;сент;учат;ия E;ра —;щаяс; мас;ны. ;. 3,;о бо;то 8;дает;го в;йсар;соот;0,89;то у;нски; тов;Банк;т ар;ти ч; сущ;н от; оты;очин;та д;читы;слуг;hyte;ал а; ана; и К;евал; млр;4 мл;одни; вкл; с т;дома;в по;ля С;лют»;ледн;ы. Д; Об ;и.Ав; даж;ую с;путё;вок ;сотр;ра С;овре;янии;зуль;ните;9 ию;т от;звит;о ди;евыс;еле.;РГ о;йшег;е с ;а Ни; июн;,76 ;в In;ы вл;и бу;снод;сиро; 15%;ой л;ияна;ко ч;Перв;ёвую
Text 6; про;осси; что;что ; на ;, чт;Росс;банк;», «; Рос;а», ; рей;ссии;о пр;ения; по ;йтин;ких ;сти ;рейт;ийск;ния ; пре; не ;пром;тинг;анка;ейти;пред; руб;ных ;ссий;сийс;ости;ских;ции ;ого ;рубл;ров ;мпан; это;ност;росс; кот;реди; рос; их ;ий п;истр;йски;сии ;омпа;ации;пани;отор;кото;комп;прог;ет, ;нка»;инис;огно;а и ;тся ; авт;.  М;гово;м, ч;о по;я в ;редс; ком;туац;ного;ило ;его ;ний ;рбан;т, ч;ниже;уаци;ситу;их п; и п;итуа;гноз;льны;пони;ии в;ы по;Крым;авто; пон;и по;нист;рогн;убля;й со;ерба;Сбер;тель;берб;торо; сит; дол; Кры; до ; сов;ом н; сни;сть ;es, ; Fit;лся ;дост;оста;аген; сту;о не;кред;их с;ция ;ным ;дени; обл;олла;нски;й по;арст;Fitc;сове;ьных;авши;став;зпро;ельн; при;ател;го п;пока;ител;вший; «Га;рыму;Газп;ился;краи;-за ;и до;ка»,;раин;ти и;ное ;ентс;«Газ;их к;стр ;вает; раз;ониз;и и ;з-за;шени;опро;окат;нозы;имос; аге; — н;торы;едит;то п;— на;гам ;й об;кино;ает,;мост;то н; под;рома;инга;стра;в Ро;е пр;озы ;ижен;ший ;кие ;огов;счит;на т; сан;е ре;сниж;нтст;ение;это ;tch ;тыва; пок;анкц;ии с;слов;низи;долл; гос;азпр;изил;м пр;Мини;стои;ром ;о ре;ллар;itch;ывае;ние ;нкци;санк;а в ;жени; кин;ские;мест;гент;рока;лови;тств;ов в;ется;аний;зило;прок; Сбе;осто;а чт;как ;ная ; счи;я пр;ию з;чита;%.  ;ежду; от ;, со;  Ме;а те; Укр;едат;тем,;аины;инг ;кого; коп;и от;етил;ля. ;и: М;Боль;аяви; пос;тают;х ко;коно;ки д;рымс;м не;ке, ;тво ;стно;абот;нега;ься ;илиз;нерг;ка» ;о», ; кре;а» и;ны. ;ерен;ает ;в но; буд; бан;уров;АО «;, «А;е с ;овер;три ;омба; в с;дпри; из-;едпр;дсед;усло;» и ; экс;и во;тупе;ри с;молё;ем, ;ов. ;ка, ;стаб;го р;о си;х го; Par;прия;ияти; так;дста; в К;ивны;Мант;поде;ещё ;ый о;амол;аров;х пр;нтур;. По;заци;в ко;оимо;арод;т пр;х не;, на;ике ;ация;студ;ло п;ся 1;ь ук;тов ;туро;в в ;тави;ован;ейки;е аг; в к;инго;и ни;ость;ской;йско;ия» ;ount;ильн;ым п;и на;ий с;редп;ступ;тия ;ти с;проп;нефт;гати; час;ыму ;мски;ода ;ство;ома»; из ;по р;т по;суда;еатр;и ст; нов;ии, ; сог;экон;аций;для ;АЗа»;и с ;, «Г;бежн;а го;ма и;втор; уже;изац;согл;кция;ил, ;крым;, «Р; дос;ций ;арта;таби; сто;орый;сажи;тоим;льна;тва ;пейк;энер;вел ;ьная;о их;анск;aram;й и ;бран;  Ми;итог;тивн;я, д;ског;евро;ии м;опей;овое;туди;рият;нгов;зару; неф;теля;отив;ольш;. В ;вет,;лаше;дате;нача;убеж;ожет;госу;атыв;седа;вий ;дитн; По ; бы ;ь по; соб;копе;унар;о эт;ramo; «Ро;отеа;альн; зая;ропа;аден;ка ч;олёт; и д;, в ; кры;кой ;част;и пр;а тр;ный ;и си;раль;и, с;есто;ал с;йки ;ия, ; в н;Pict;Укра;рый ;теат;инот;ictu;ий р;мбан; год;мини;аруб;и их;а 0,;то и; ещё; «Гр;очны;ания;л, ч;ждун;пасс;рова;трал; реш; пад;овий; с р;а, Т;трет;иров;и ба;глаш;едст;Авто;прои;нков;ссаж;вый ;ни н;, ко;и ав;само;о ин;ctur;обно;лар ;ия с;ures;нка,; Инд;ные ;абил;е ме;й пр; укр; спи;убль; мож;овет;рств; Меж;удар;на 0; Мин;родн;щё р;каты;анко;дуна;овор; зар; нет;и мо;авит;упен;й на;Para;ают,;егат; Ман;тног;едсе; три; как;еди ;ором;на 2;и в ;асса;того;ия в;х по;у на;вое ;бля.;то с;unt ;За»,;рабо;в Кр;ноте;артн;огла;овый;из-з;евел;тры ;паде;года;зы п;ннос; ито;пост;ия п;наро;ашен;ют, ;ture;ажир;заяв;ила ;рада;осуд;го а; но ;дарс;одеш;овли;спис;бнов;бль ;може; сам;«Рос;amou;, до;нгам; пов;Межд; для;биль;ого»;ться;анту;ю за;ся в;вро ; име;, но;прод;ов э; пас; тем;явил; нач; усл;res,;рубе;ства;ет п; пят;ымск; Pic;деше;шеве;лени;новы;й ре; кру;ти о;оном;ала ; с н;ие с;ой н;ефти;акци;ий. ;. Пр;пени;чени;ены ;жет ;х ст;ры п; евр;moun;енно;ешев;их н;ый с;вори;вите;ока ;ной ;асти;атив;о ра;жены;енск;дро»;ынок;и, о;ла н;госп;икто;ой о;ль п;лся,;о ос;ит о;л сп;ивно;даже;ъект;овые; BB+; эко;h та;ai, ;лаци; отм;ма в;ёт п;за К; поз;ии: ;атьс;ция,;ли к;лём ;У мн;омоб;г Ук;ь юр;ъясн;м кр;мене;знаё; и, ;в юж;мсбо;ая с; Ниг;ргет;ыжил; ХМА;ман ;о.  ;аджи;ЕЭС»;евыс;Ford;ый р;овно;о ав; том;шили;Рубл;ыма ; For;имет;.  С;каза;сей ;ромб;a, M;такж;нии.;Так,;мэне;утил;овил;кции;ины.;ым д;ой и;еакц;омки;Рост;оил ;: Ан;избр;41%.; ГАЗ;же к;помн;к ка; юрл; о к;люде;осла;катн;ении;дель; Mal;ак, ;ия о;i, F;чный; «Лу;, Pe;гидр;о Гв;о в ; Пре;«Аль;вые ;ласт;очти;ерик;на 8;гопр;госр;арит;канд;ше, ;пяти;моти;карт;, зн;влия;яция;встр;етье;227 ;ВАЗа;грыв;юзив; Toy;еопр;бъек;атро;е со;ьвир; Son;иски; мар;трах;ак P;готн;ы ГА;одно;абле;ыму.; Сто;. Бо;ть у;р Ма;онча;свид;аста;инфо;й. П;него;бы с;вки ;е по;их ж;отри;зобн; B+,;ли с;топр;ьств;хлам;жно ; Cit;али:;евоз;КАМА; 33 ;озом;нёт ;е са;ая к;оизв;ы со;перт;е.  ;ЦБ Э;збил; ста; Тем;рени; реа;ysia;не м;рите; «Ал;сняе;на «;нце ;ятни;в са;ord,;с Ма;Парт; сви;20th;ешаю;Fox.; тре; нев;ы РЖ;жа и;им н;чате;м». ;емьи;ений;сказ;океа;улли;нфля;Дени;тори;юкае;обы ;йс и;е ки;Б Эл;зави;роин;по и;азви;каев;а 26;дий,;ж и ;стил;сего;пляе; и б;в Сб;яютс; сло;номи;ше в;надл;ешне; ряд;еком;этом;ой ч;вани;овой;инск;лено;вал ;луча;клюз; рег;кций;ны, ;реги; со ;ионе;ën. ;л 33;ун Р;рман;т о ;вток;симо;а 8 ;рга,;апол;стас;нг к;му д;круп;d, T;. Ру;е ак;ран ; Над;нешн;ныне;л на;но э;лежа;ele2;ушен;При ;умен;поги;насч;рии,;ённо;рии ;ухог; изб;рица;льша;нтов;geot;шая ;еф в; ест;ого,;пали; смя; «Со;, Са;О «Г;меча;тохл;урга;иако;од н; и т; о с;«КАМ;из ч;елям;ну, ;я» п;или ;о у ;oën.; Кос;м ны;26,3;ом б;то у;ном ;попр; оты;читы;ий а;ексе;нево;бота;ерши;вно ;кцио;» за;але,; мер;ажда;блиг;ьше ;квар; даж;разр;ём п; мно;т.  ;ится; При;от, ;звит;hi, ;тров;явля;шавш;гибш;не п;очих;ести;вила;рахо;кто ;ий —;ест.;ночь; Пар;блен;дств;рого;итае;з Ку;осну; южн;ГАЗ»;прот;в тр;то э;ия Р;itro;р-ми;вы, ;и. В;ыгры; вст;й — ;ля Ц; у к;одна;ны с;,59 ;ома,;ль у;убъе;жавш;удии;цию ; Зап;Citr;АО. ;, и ;окре;ал П;циях;круш;акт.;ют н;ва т;ись ;тий ;аёт ; Эль;я ст;8 фа;91 р;от ф;за п;стов;орил;мира;лиза;е до; в П;ое р;ефол;обра;ри э;ет «;kswa;овод;ти у; «ст;49,9;амил;еана;к Pa;р: А;нкт-;ny P;юмен;грам;в сч;вари;айде;рочн;t, V;няет;ичес;ьер-;за. ;  «Б; тор;м из;мки,;да г; в ч;емал; США;алац;льви;нет ;л до;бы н;7 па;иков;венн;. У ;н Гр;ричи;та с; выш;омич; вто; удо;найд;ель ;Феде;рот,;конц;«ста;troë;лёты;ным,;жить;кже ;Гват;, Тю;риск;данс;т ул;в эт;и Ин;дида;ое с;й Bo;ачнё;, «К;17 р;«Лук;таси;ch т;ия. ;00, ;т ит;же Н; В К;alay;gen,;та р;ова$;ятии;томэ;я Fi; нео;круг;уже ;о дл;ов С;о из;«Фед;дом ;27 п; кан;», О;ubis; эск;л Па;По и;Заха;куме;возо;о кр;ля —;ммы ;tury;, 20;subi;льно;ицию;я и ;тели;отке;нк о;сраз;я ли;ты С;они ;наоб;tsub;eot ;о 49;ь 7%;збан;ла-Л;й. F;ии а;. Те;я по;буде;roën;«нег;и ро;мы л;икан; ниж;к ми; «Te; Гер;атем;. Ст;у от;Пете;тр М;втох;, «Л;вляю; «КА;о ит;ыше,;ox. ;ховк; эки;Годо;ачал;фа-б;р эк;павш;ру н;лжен;лару; 36,;орго;ьног;лгос;ие р;а не; 5%.;е ра;я 17;т пя;итыв;ки, ;итов;остр;Улюк;у кр; Аме;ерты;залс;теле;Tele;ерса;ублё;менн;лига;9%. ; чем; отд;ицо.;поме;ама ;охла;быти;емёр;бург;кин ; Fox; акц;ожит; и с;нчат;ты с; и е;озоб;ке и; эне; фил;и ещ;ахов;, «Ф;реф ;чем ;бших;гети;гани;в сл;ли: ;ем н; пом;к, п;миче;ытия;разб;орит;кт-П;блик;у.  ; поч; есл;кспе;е эт;Греф; 20t;Герм;слаб;ли, ;отме;не н;,91 ;unda;я Ро;%, н;люзи;ренд;аинс;а. П;я ЦБ;на к;ев с;ли г;на с;тот ;дово;йден;чным;кипа;о ср;ктов;g 77;Airl; и C;койл;ают ;рамм; опу;рмир;льфа;к до;+, и;тв т;иним;я кр;им, ;а.  ;собы;Цент;та-Р;енду;х ка;и «Г;дума;ков.;я эс;чих ;й Ул;пятн;терб; «Бо;», З;Амер;тарс;ажа ;итаю;Сред;США ;  Пр;ым, ;ть п;да р;swag;эксп;а 16;рлиц;елён;г «T;яет ;и Де;з чл;ллер;2%, ;иры ;у по;oyot;ив Р;роси;Раза;ое а;ан н;фами; — ч;оссе; Мал;орга;збра; к д;экск;.  П;епля;мум ;Лумп;Напо;склю;рогр;март;ефер;ony ;отя ; воз;, ни;о кв;ry F;нно ;о ок;ся л; Так;айзи;ее с;т, у;я Ал;мьер;ра в;оинф;р бы;n. И;п», ;,37 ; мин;Тюме;сли ;аны.;аж и;итьс;му п;тке ; реф; сих;трац;виак;омом;ФСК ;цо. ;новл;парт;сред; фак;авис;ленн;ны о;фти ;-Пет;ния.;вину;ВБ н;ломк;ла»,;внос;е из;6,37;еля ;акже;вате;нало;скал;йзии;» по;и эт;них ;BB+ ;за н;долж;и.Ав;ые у;отно;-бан;рейс;ий B;фолт;ойла;ро»,;делё;ь о ;, ка; в ю;а их;ующи;абиу;их э;ХМАО;т, с;анны;аже ; одн;по п;ентр;ерма;зици;о Ро; эта;, «С;ы сч;ьным;тр п;аетс;вный; них;wage;б Ту;ынеш;сель;чь н;, ес;ов е; дан;случ;лиял;косн;ал д;ult,; нап;имен;ое и;вали;а-Ри; осл;тнич;ачат;е вы;рста;о 36;ддер;ой с;ам г;Прем; 6 и;ng 7;удос;ерал;. Из;s, р;юден;яетс;окру;lksw;с на;rd, ;о са;й». ;ейс ;лова;ии Р;ильм;тнер;ам к;разв; гов;я» —;ры у; они;ипаж;Нейт;ртнё;ось ;нако;B+, ;эска;опуб;ышле;9,91;и», ;, Ма;ссел;ет р;есть;м им;в от;исок;вил,;не б;ельх;т. Г;ние.;почт;мног;а-Лу;кова;ое п;дное;ахар;ндид;реть; Сбе;рыно;чь 7;окон;укой;сия»;Рике;ы, н;у, з;ан Г;нии ;ть ю;6%, ;тр э;инос;рупн;Пеки;стор;азал;и да;тся.;В Ро;улос;ёты ; «не;мери;ых к;ти И;сгид;в ро;мили;рит ;ых г;двар;ьфа-;ие о;с ру;ие. ;ражд;и, ч;та и;я, н;и, е;начн;ций.;томо;ревы;З», ;s, S;ии.А;Cent;ониж;». Х; Peu;в ре;ов о;.  «;а ещ;.Авт;авок;ерии;не в;ны и;Д, «;рган;пал ;гист;ia A;дито;Mala;, Сб;выск;олже;ина ;, «В;нее ;льст;но. ;рани;Из-з;с ра; о г;сост;чрез;о ри; ОАО;й ча;пура;если;упал;субъ;харо;ая р;били;твет;-Лум; Boe;и, р;СК Е;уг У;х ро;и Ci;ртал;х и ;осте;ли б;ть ф;т, в;-мин;лерс;ся: ;повл;осро;неоп;рке,;ежно; нас;лизи;23,5;азу ; его;илий; Нап;енее;со «;ury ;— ег;виси;н Ра;Univ; «ФС;рина;лицо; и в;оитс;нвес;ый».;али ;звод; Зах;но п; Mit;зак ;отде;уала;стре;ь Сб;упны;лабл;ст. ;да м;, ЗА;и уж;ом».;е Ни;сили;еско;Куал;777-;й ав;тога;л с ;и см;а о ;ы не;выше;ых р;АМАЗ;х до; Ren;вилс;en, ;дефо;в 5%;факт;таво;к ев;тмеч;нка ;мышл;чное;9 ко;му. ; Мос; Ана;тов.;Пред;я то;ля, ;итны;ом и;прев;ые а;биул; Раз;доку;itsu;3,59;по э;ирую;а та;я о ;обло;ый к;или,;сок ;сии.; с «;аком;ия А;долг;омни;ррит;я ре;ди б;: ММ;жиро;ы, и;иже.;огра;е на;ел н;одол;ный»;прич;но к;ия к;5%. ;le2 ; ли ;ае п;я па;ичин;и то;ип»,;умпу; Пек;ota,;ия э;роиз;ппы ; нао;е ру;ок р;а. С;нок ;ко и;арти;оВАЗ;льше;озба;а ро;nt о;напо;6 ию;: ев;илис;ся 6;рыма; вок;ины ;ира.; дог;ёра ;О «Ф;тиви;рыва;но в;. Pa
Text 7;осси;Росс; Рос; про;ссии;ого ; пре; пер;сии ; по ;пере;ного;ния ; на ;мпан;омпа;пани;ных ;стра;мест;о пр;ийск;ии в;ции ;альн;комп;оста;е по;ност;кже ;льно;ения;о по; ком;акже;ный ; под;сийс;ания;рубл; сам;ков ;ссий; руб;огно;рейт;рогн;росс;ное ;такж;ичес;став; рос; при;го п;ии, ;для ;его ;лей ;й ко;сти ;ать ;прос;ейти;000 ;йтин;иков;истр;ации;то с;гноз;дет ;тинг;нных;стан; для;прог; дол;, со;и в ;рудн;иров;оенн;, пр;е со; сот;воен;ную ;тво ;а по;ерен; буд;лади; вое;удет;вающ;могу; 201;само;банк; так;ател;теле;буде;ьног;ован;остр;ской;йски;отме; это;-за ;ство; воз;нало;тран;з-за;шени;тивн;опро;блей;е в ;труд;что ;рупн;огут;тов ; рей;и пр;гут ;оцен; 000;мини;удни;круп;ании;рова;отру;ельс;сотр;ител;асса;того; что;рати;года;анка;том ;алог;ние ;тель;ить ; отм; оце; кру;асти;ющий; до ;пони;ной ;пред;инис;я пр;през; по ;луча;част; уча;тра ;вопр;Норв;тано;коно;номи;реги; свя;, по;орве; так;«Аэр; бан;ноз ;, чт;вроп;ести;чест;ейча;во с; в с;нное;щая ;связ;Влад; Это;молё;ких ;сста;ой б;рези;ение;ое с; без;крат;т пр;елей;ло п;ило ;е ра;пока;йско;сле ;т в ;стри;ена ; год;зиде;на с;гати; не ;изит;. Эт;визи; Рос;в и ;ости;экон; мин;ов, ;убле;же в;т за;риро;случ;гани;сажи;ов и;ожет;нии ;щий ; вос;но, ; эко;ей в;я на;рвег;анов;долю;то п; из-;осле;ающи;кой ;Аэро;есто;атит; раб;е во;езид;рено;аниз;флот;обор;дёт ;00 м; и п; цен;веги;ских;рган;гам ; зан;же п;ссия;ерее;нега; а т; виз;енны;ценк;ильн;изил;прио;ет в;учас;олю ; же ;естн;амол;зит ;имир;каза; мож;восс;дник;ем, ;влен;нии,;енос;стро; мес;носе;тия ;егат;ский; как;ию м;осст; пок;и в ; нал;осе ;ой к;, а ;рабо;низи; стр;из-з;ропе;нист;миро;нтра;ия п;орга;Это ;иден;лю в;боро;ей, ; на ;може;дент;«Рос;ссаж;адим;екто;ого»;ющая; тем;а та;ю в ;кий ;лого; воп;лени;го» ;пров;вест;оном;ные ;еств;т на;жет ;ажир; Вла; кон;ут п;енно;йчас;дими; кор;олёт;атив;и не;. Он;осто;как ;ефть;дующ; отн;сть ;м.  ;иаль; поз;стад;го и;едев;нико;. Об;екра; «Ро; Укр;нка»;едат;един;тавл;кого;ера ;млрд;ва с;м, с; млр;адио;онны;о оц;туац;ельн;ьств;евро; ста;.  Н;лся ;тнош;ОО «;орым;наче;оже ;абот; в с;этом;зопа;вани; оди;ься ; пот;митр;тавк;двед;олла;еред;льск;ие Р;ов. ;нски;оите;назн;ка, ; ана;— +1;ажда;не п;нима;стаб;асно;ии н;х ре;язан;ии и;ироо;ракт;ий н;мира;исок;тем,;подп;рово;тся ;по о;ия «;ачен;смот;Мега;рекр;биль;м, ч;тор ;х оф;«ста;ивны; Нор;номе;перв;ое к; ном;тмен;ла п;фть»;согл;заци;ческ;S&P ;енён;й ор;лёто; орг;кие ;ике ;щико;инга; Дми;а об;ранц; раз;жиро;ум, ; слу;дпис;огич;за с;ошен;омер;инго;ость; о п;сток;о пе;вана;пасн;едве;дин ;о ст;ающа;обле;я Ро;ась ;сейч;ти с;ода.;нефт;аров;эроф;час ;ира ;сия ;и с ;ых б;е Ро;краи;орот;а ст;а.  ;упне;раин;00 з;эксп;лей,;ода ;яет ;иры ;исан; из ;ООО ;ата ;рофл;нкам;омик;ет з;нног;по т; сог;безо;ожно;итри;ково; — +;него;прав;ния.;афон;йся ;н из;идёт;Япон;» по;навл;егис;з по; пос;исов;изац;по п;вяза;роит;иваю;аетс;вный;о се;вает;влив;анал;азна; сей; сто; до ;ы Ро;ском;и и ;я во;с те;оват;вног;важн;анск;снеф;реди;аним;рота;Даль;инос;. До;азал;стол;ами ; Он ;ку в;ражд;е са;опей;я ро;нгов;не с;нозы;ские;сост;. В ; ино;ая р;бъек; вып;логи;ноше;оскв;жива;нён ;а, а;торы;едит;вым ;е от;itsu;от» ;сок ;о са;проб;стие; тож;трий;одпи;рост;уаци; Цен;раль; в Р;оз п;снос;ситу;ия, ;раци;офло;один;м, в; в 3;Укра;ранн;ентр;сов ;или ;авля;«нег;Mits;обла;го В;ин и;по р;лем ;тади;Евро;редс; кот; то ;писо;знач;тана;я в ;ониз;анав;Моск;ии с;рооб;за м;енто;го к;же р;ших ; мог;а от;гист;нейш;гафо;5 мл;ия. ;ова ;пасс;ана ;нова;имат;роса; Мед;на в;блем;лива;в св;озы ;вый ;итуа;огов;ть н;апре;ота ; важ;льны;лась;трир;ть в;ивно;днич;базы;абил;» со;писа;ся п; спи;тмет;цена;змож;осне;ю ми; пра;а ме;й за;, ра;ываю;ый п;» на; «Аэ;ъект; — д; МТС;орон;аэро;я вы;о ре;авит;низа;иост;егаф; офи;зани;втор;й на;олич;таби;ок, ;тва ;льни;й ба;стны;риос;можн;а в ;да. ;ообо;е то;дион;о пе;ия в; Япо;ервы;учае;бля.;льст;на «;Росн; рей;ктов;плат;огла;овый; аэр; S&P; сос;енка; пон;ийся;ким ;ки н;лрд ; с к;ся н; Дал;зала; с т;0 ме;чае ;жно,;ия и;в Ро;о ка; гор;ов н;ан с;овле;веде;отор;мотр;щей ;убля; и S;оказ;данс; за ;я «А; мир;мать;спис;сло ;ллар; баз;езоп;ивае;ляет;нгам;о с ;пней;Дмит;тоже;ться;вляе;осам;ля с;этог;ся в; Вос;кото;ског;, но;прод; пас; за ;Медв;иона;нтом;новл;отно;тие ;авли;100 ;горо;т пе;трои;робл;ства;ет п;реда; тог;и.  ;прек;ие в;0 за;лот»; Air; сво;, во; наз; и м;ород;фисо;анду; пер; идё;ть г;же о; обо;ала ;а пр;торо;ждан;чени;ра п;верн; сит;ых о;щийс;«Мег;х ба;снов;менё; евр;ь на;ниче;Вост;вмес; 000;опас;ется;озмо;ока ;а си;посл;а Ро;нуть;о, п;офис;ила ;толи;ерге; мес;ъеди;зде ;ии. ;ейск;и, о;о ап;за п;ипли;o Mi;ь ни;, в ;ой о;% и ;Шмак;в ст;едыд;реды;енна; Fit;в, т;, та;«АЛР;ьно ;и, Я;ань.;й ру;чен ; 25 ;ит Б;е пе;ы и ;м — ;р по;отря;0 че;яя ц;ейсо;о Во;ии: ;их и;дост;юю т;в. О;». В;х на;е до;емой; — о;ит п;прет;ЛРОС;г Ук;25 д;в, п;, Ро;м кр;я. С;рет ;атил;4% у;возм;й-ни;ен. ;теря; об ;ый р;рахо;впер;ФАС ;зреш;иван;оты.;ный»;Рубл;998 ;о 10;. Ре;а эт;.  С;озни;ала.;дила; мая;ов с;ий В; Иго;й от;манд;е к ;судо; $7 ; ей ;ы ру;Посл;лове;ю 50;omo ;кции;прем;анят;лем,;да п;у в ;тказ;» ин;нско; авс;йсов;тавн;онню;инён;гов.;: Ан;Комп; с 5; До ;боты;ам р;i. К;н», ; Аки;егии;дан ;50 д; Bri;йств;Сфор;нике; KLM;н бы;сан,;ия З;рита;-пре;оени;— ок;ната;е вр;дель;аины;сцип;ём с;та Ф;е ан;ью 5;выша;од Д; Пас;ющей;ь кр;вые ;ноку; в р;. Це;здни;етку;епер; коп;л, п;га с;о сл;дире;влия;встр;ыпол;в ию; «АЛ;опе,;и му;ом В;подъ;orwe;орел;се г;ов М; Общ;одеш;етил;egia;«Сев; «ст;а Со;трах;ев п;т Ба; Кан; уже;гион;ь гу;абле;вым.;ть у;ui. ;ышат;чело;к» и;ий М;74% ; Вин;8 мл;я дл;олиц;дёжи;Кана;над ;нера;в ка; неи;вки ;ем п;Чжэн;я. К;ерац;Осло;стви;okyo;нань;ти в;обно;-ниб;а» д;. Па; Бер;ающе;х ко;та Н;борк;рос ;Он б;я до;а. С;перт;кред;ота,;тив ;на э; экс;на 6;оей ;ет $; Бре;25%.;х пе;аю 2; Айк; Бан;и Su; не ;из к;ующа;саци;ла. ;рымс;Авто;ующе;чемп;8 00;» Це;их с; и а; смо;трон;вчер;G8 п;иц м;тико; в к;бывш; игр;сказ;а ко;делк; и о;отст;но в;онии;ово ;доле;акти;е ес;ь вт;заре;ржан;й BN; +19;бива;зова;зить;а па;ех р; 42 ; Хэн;азви;8 го;ые с;ларо; мае;титс;я За;рект;ь». ;an M;нами; утв;личи; бив;а, р;ным ;мика;ндан;юне ;в — ; мат;РОСА;— до;ешне; упр;овес;r Fr;и бе;ний ;ты. ;со «;овой;ел»,; над;л по;к, и;Инве;Шойг; рег;014,;ионе;ди 1;ужны;дала;вате;ообл;рман;с-Ин;ез у;е чи;стас; обл;ппар;Граж;сто.;оро ;а ми;я фл;окур;ныне;попр;зате;гея ;она ;прот;озбу;лу 2;ая в;двус;стия;ss. ; в г;и ны;приб;опор;ухог;ки к;с ид;ка» ;нтов;Norw;олил;я: М;пром;ор, ;мику;урга;МФ Р;ям. ;в 3,;о, с;ержа;алют;00 р;и ма; кре;псих;елям; сде; Нор; рад;на 2;никш;к, р;уг. ;А» Ц; вер;ает ;ть».;го б;об и;ронн;Банк;— $7;го д;ерна;00–6;Raif; и К;уров;го г;bas,;инци;рген;бота;нщик;роду; пос;» за;ынок;доро;. Но;й те; с 2;ь од;ую с;ится;Airw;нь. ; но,;дина; в р;иган; Ама;йшег;та-Т;е с ;щего;ма к;, фр; к п;дающ;, ге;й, д;2017;+19,;ело ;NP P;ftha;зано;ways;иян,;оде ; 5 0; Пут;и ва;усто;ка о;рок,;Fitc;сто,;ия Р;SSJ-;ей с; Сер;венн;BNP ;than;убль;ажну;авно;с пр;мя О;ия «;ть и;Мест;оряд;в Мо;н. Д;чёта;цию ;жны ;ласо;KPMG;35,9;зины;кой ;воей;ненн;ют н;скор;т бе; 10 ;я ст;ичны;о» м;e — ; с 5;atto; 199;а Дм;ая д;ла с;плин;о мо;ле с;аген;иске;роны;— те;as, ;я ОО;ий в;ть р;тя д;,5 м;смог;обог;так ;$7 0;42 р;Феде; неэ;лило;роти;февр;в го;вел,; мар;воли;, ск; пол;утбо; Кур;ацию;р: А;в в ;ку S;ы G7; G8 ;100 ;a же;счёт; гиг;лько;ы оп;iss.;он»,;ро т;7 00; суд;ьер-;нчжо;нция;ётам; тор;98 г;нён.;ины.;Sumi;та П;G, с;sa, ;ок б;обре;зици;ьний;о 49;евым; виц;irwa;ойгу;ь ид; ООО;берн;иром;л до;. Кр;звит;рждё;508 ;ьнег;мари;ассм;«А» ;касс;$4 0;. У ;орац;ть» ;ил д;омич; вто;ance;на п;тосп;-Mit;Брен;ужив;щее ;я — ;хран;улко;конц;ссмо;а би; Par;холо;ении;илас;ская;н ап;ги и;реод;ии С;е, п;верж;бнос; Вел;кам,;нов:;ем с;ьный;круг;куро;Сейч; слу; Алм;бслу;елеф;орь ;Севе;lla ;0–6 ;ch а;рянн; 20 ;поде;8 по;n Mi;ещё ; Sum;отер; осн;од и;tary;и Хэ;из о;горь;Объе;сокр;н ме;ян, ;и: а;ельт;P Pa;,93 ;ом «;ит в;в фе;ем М;м пе;влю.;ек» ;ст. ;ит б;лужи; дей;Арха;в. Р;Цена; Swi;рс е;ам а;о дл; мл ;и Пе;евыш;не м;егия;опус;е ко;опе ;ей т;лобу;ой B;рает;%. О;в ма;е си;зпро;ьта-;там ;ондо;авле;Заха;ране;н бу;овлю;  «Г;По с;одит;ада.;м с ;одъё;амик;футб;о.Ав;во S;час ;.  Р;м по;ске ;с кр;я и ;Кита;о, о;льта; до ; фра;я «С;lita;ов.Т; «до;ты С;азат;РФ Д; «Юн;ейше;  По;анию;нала;f To;нги ;сто ;тил,; Фра;благ;тей,;в ст;иКре;полу;поря;врем;Цент;ропо; Гер;льну;ою д; Сей; инк;без ; 100;Пете;звол;анад; Ана;желе;0-ле;ахов;риба;бара;а сп;ttoo;ал п;в KP;ры А;ТС п;таси;сама;анге; «А»;ктор;ов ц; в о;ачал;скве;зные;эроп;л ра;ой-н;ов —; of ; в К;ибав;лютн;гаем;доче;ерег;сия ;ику ;k of;вою ;ВД. ;т» —;ас и;я, Г; отс;вить;, от;дит ;ейки;Пути;ый о;прес;013 ;7 ре;мера; в к;оло ;та О; Кит;h аг;нгел;коло;вший; чем;ерсо;поме;изой;ама ;дкос; Ком;бург;PMG,;йгу,;грал;и дл;инст;ле р;с об; «Га;ев. ;осно;се н;пери;itar;с са;го —;нять;ьщик;личн;рийс;нцуз;СБ Р;А» с;м ан;555 ;ет о;ым п;а 65;о Ев; пом;миче; кап;сан ; сок;рест; бар;зи с;евер; фут;перс;добы;ёжив; — в;ласт;ны р;2018;озол;кспе;мани;Герм;на, ;е-пр;квы ;Сухо;жную; мог;ы Ам;ренд;ерто;сами;т ну;раба;одав;лети; рек; вче;ился;дъём;Bank;исло;Алма;ь уч;мае,;акт ;я пе;, уч;50 0;из н; опу;И хо;рмир;о во; рос;ае а;иним;в ру;о на;  Сп;ранс; Осл;ойдё;Серг;мски;удос;в.Та;особ;и до;nk o;терб;дите;м 20; мем;о ей;Сред;0 до;увел;ееха;онут;ым, ;Фран;з кр;х ус;ть п;бли.;реед;кома;гига;омен;в ра;трое; фев;учит;я Шо;сь з;2%, ;иции;ей о;ти, ;ей. ;роси;вокр;удь ;с Ро;ест ;ым и;мики; общ;ёт к;ыкан;9%. ;ика,;гель;о — ;.  П;мум ;капи;рий ;огоп; дин;ано ;лед ;ов а;а», ;отя ; все;золе;ай. ; дву;ую ж;о сл;та. ;эроз;хать;я ФС;ораб;ии В;мьер; Шой; в е;учно;к го; 49,;ак о;егию;Сове;rweg;м же;в Lu;%.  
Text 8; на ;банк; бан;ого ;а по; руб;пере;рубл; под; пос;ным ;ного; пер; — н; про;альн;— на;осси;Росс; пот; при;ской;ство;ческ;стве; пре;пост;ь на;енно;ной ;тво ;ных ;чест;венн;ные ;твен;е пр;кой ;ать ; в с;ичес;цион; Рос;ение;анк ; кар;карт;, а ;ров ;анка; за ; сам;еств;такж;ную ;акже;, по;ает ; буд;ност;исте;кже ; так;отер;льно;на 1;убля; воз;ацио;прин;ссии;ния ;след;ость;о на;поте;ский;рати; это;льны; на ;их в;кото;кий ;отор;иент;ала ;осту;ески;пред;оста;атил;я пр;дин ;нной;осле;рект;кие ;йтин;рейт;ечес;алют;на 2; авт; зам;ссий;удет;за п; из-;молё;ких ;на п;ой б;рези;и са;ател;амол;стем;щих ;, на;буде;ация;льну;ктор;теря;сист;ильн;йски;зиде;-за ;о по;соци;суда;%.  ;. В ;убле;ыми ;анны; ден;ило ;ионн;з-за;шени;блей;х в ; ста;сти ;а за;ета ;еред;прос;езид; бол;бля ;ийск; вал;сийс; кот; и п;а 2,;енто;ских;иден;же п; сво;сии ;енны;прог;само;ть н;нным;лиен; сис;ерял;рств;из-з;ции ;анко; год;дет ;ения;ступ; в п;тия ;й ба;7%, ;торг;авто;тинг;нных;оциа;ми с;плат;авил;го р;день;ьную;нков;едел;ых, ;дент;ние ;«Рос; отк;ить ; пор;клие;валю; в т;ет п;ируе;ейти;том ;ские;оном;х ба;тече;посл;заме;олёт; рей; эко;сть ;иров;през;мени; по ;омоб;орую;.  С;кции;иаль;нка»;се с;ксим;йств;нги ;азви;кого;отеч;вига;очку;арта;сред;инги;одно;инфо;Аэро;ика ;е по;ными;стви;огно;евро;ая к;кред;ОНАС;ны н;коно;смен;и ев;акти;ости;иях ;номи;зчик;инят;, ко;рьёз;гаци;«Аэр;ка» ;нтов;пром;елю ;возч;арты; мас;ития;году;акси;х, п;Банк;та д;рогн; пос;нить;доро;ую с;лади; дир;ёзны;выро; пла;асно;ии и;Т фи;ятны; нав;мира;сове; пол;ацию;связ;а он;Влад;тся ; тор;ртфе;смот;от» ;звит;,2%.;авиг;ыров;ИТ ф;ьный;имал; оте; нео;ля с;редн;став;реда;озра; сме;я и ; Ил-; рос;они ;оимо;врем;госу;тора;апус;евоз;й ва;трой;тави;нанс;орго;ЛОНА;го п;дной;ерев;2,3%;.  В;озчи;сле ;т в ;ым п;ем н; зас;рмац;и на;наци;прод;ерес;на к;рофл;рево;й ка;фина;».  ;иним;ерьё;т за; в Р;раст;стью;анс»;и от;т по;м в ;ет з;нног; дву;ень ;орож;и и ;вета;экон;сли ;отр ;же в;ное ;прав; сер;инан;дыро;ентс;март;ой в;й, о;аетс; сни;вает;вых ;КИТ ;крат; раз; нап;эроф;тфел;каче;тоим;подс;свои;,4%.; он ;разв;ло —;циац;реди;Один;та п;ахар;ожет;седа;тивн;онал;ть о;ског;томо;тупа;нии ;а — ;зрас;ет с;ия р;теля;боле;х и ;Ассо;ынок;логи;что ;нача;адыр;имос;еско;ссоц;ласн;може;вных;о эт;едит; «Ро;маль;есмо;а та;ста ;твия;овск;, в ;ающи;огра;в ру;ания;и пр;дка ;  Од;мост;рост;ный ;то н;того;едан;нкци; Кад;маци;в на; фин;8%, ;ырос;офло;о пр;ов п;нави;стра;ован; все;обил;м за;иаци;ших ;ачес;тает; а т; нац;тема;а ди; выр;рова;в Ро;все ;Авто;потр; сре;в св;ющих;орма; лет;стат;рует;в по;лей.; Оди;але ;и су;к ра;мых ;гноз;глас;вели;ых б; свя;росл;вило; сан;Ил-9;а пр;торо;нвар;арто; гос;а пе;имир;каза;осли;ерь ;овет; соб; мож;удар;форм;ёт в;рую ;иным;ковс;,8%,;это ;возр;ных,;м по;«КИТ;ые п;това;свое; не ;стро;ткры;о — ;сь н;арст; НПФ;. Ко;ресм; они;,3%.;нием;выси;Кады;тног;опре;аны ;наль;анкц;и пе; что;ии с;реше;ой к;ном ;игац;вити;ий б;огла;лее ;ьные;моби;откр;года;и по;люто;рини;дире;, чт;мер ;ннос;ия п;ов н;сно ; по ;мотр;онно;порт;арт ;осуд;го а;сима;рял ;дарс;ирек;ачал;нима;ивае; бир; ГЛО;дств;л-96;адим;екто;данн;орск;я со;биль;НАСС;зным;и со;этог;тель;флот;тору;олее; инф;санк; мак;а в ;иона;,7%,;чика;втом; нач;отно;.  О; усл;4%. ;нк р;серь; рын;на 3;к — ;лот»; сов;оров;лени;енит; пер;м на; 2,3;тило; с н;янва; кли;ерно;реде;. Пр;» — ;бирж;макс;ГЛОН;жет ;ргов;й.  ;ьёзн; евр; Вла;тств;ортф;ютой;ым с;нфор;дими;ется;тью ;ло н;риня; до ;ом з;й би;чера;ены ;пад,;счет;. Он;саха;виль;7 00;ы Ил;дско;/787;прив;урин;исал;в ср;л ба;дующ;, со;$Уси;ее 4;ешёв; счи;х ак;запу;ни Р;мпан;атый;ро, ;инат;фию ;рь —;ивно;чита;орие;пать;о 1 ;е ав;, пе;ии. ;лся ; поз;а ка;утни;ие ц;й эл;ежду;». В;ли к;м са;емой;ьгах;етст;угу»;лёвы;в, п;Окон;и СШ;ов: ;am, ; от ;ь вс;% кл;ую г;В пи;евыс;огич;не п;ый р;рахо;я «Р; том; опе;ям н;Б и ; вой; 10 ; 777;е св;ы ви;о ав;ги с;шь н;гиях; Иго;й от;конв;едни;атеж;Так,;трук;в: в;прем;ю. П;ссов;През; реп;оза ;сырь;екра;ургс;, сч; «Ро;к, б;екот;бслу;: Ан;цени;ю не;0,2%;лять;м ди;ек» ;я ка;рно ; дру;ми З;овия;а вч;я в ;меся;ал б;лях,;два ;ия З;й по;о: «;ёх л;е вр;ники;оенн;ву к;ерат;кочи;ам —;% бу;варн;Ф Вл;юю н;дших;ктно;вые ; 1 м;, пр;ллиа;. Це;рупа;апра;осил;ера ;епер;млрд;ыкуп;ю вы;оём ;о во;ю в ;ля. ; — Р;и ми;в те;ся н; млр;ике ;е со;по д;етил;ерче;увер;ер г;трах;онны;кс М;ойку;тиры;готн;екс ;А350; в «;быст;делю;а вс; уже; в д;с», ; Сто;роиз;онча;чело;иони;ет т;аста;ои с;ой, ;неоц;Минп;и» И;ем п;о не;я. К;нечн;зобн;ю на;ием.;обно;, де;ны в;С/GP;зал ;иями;итал;рь м;тно ;е.  ; два;лиар;рени;ок з;не м;верс;g 77;асед;азан; Бан;жива;ючил;3 го;ей «;-Пет;ов р;ующе;но 1;Согл;медл;тофе;вы в;ал м;трон;ось:;м не;чате;вала;были;сети;онир;ь ба;ук —; к с; в 2;ы до;вече; соо; — 1;деля;в то;во б;ция ; бел; кач;атив;зова;зави;пенс;и Ma;идич; оди;омто;зы «;личи;мам ; и б;илен;АСС,;е 42;— до; ВЭБ;ца о;абот; заф;е, н;вани;инск;орые;s по;хоро;лн р;и. С;т 17;дени;, об; со ;.   ;Усил;вток;блёв;т ин;зиру;лнос;еть ;олла;   «;иры,;врал;амза;%, с;личе;ги ш;а» В; 33,;ённо;еоце;имаю;е сп; 80%;. Ин;душн;лава;96. ;исти;х «П;а Та;о, с;т» с; кре;ие б;елям;тогр;ерен;ализ;т, о;До э;го в;ём о;соот;го б; тов;еньг;нози;го д; эле;ет в;друг; ана;шины;вать;епча;бота;ёвых;роду;» за;oody;шедш;ов у;12,4;квар;иром;яла ;шным;елок;от, ;дина;реме;ом И;ка п;10 м;a и ;амер;ва у;я. О;диче; ока;сиро;еса,;ил ф;но. ;вал ;ну о;здуш;ело ;зано;путн;ть. ;итае;л сч;Запа; Пут;рь С;ром ;ни м;ёвые;ммер;рточ;гско;Цены;/GPS;е сч;масл; лук;язан;427 ;одна;цию.;ия «;оряд;с но;мзан;лом ;ы в ;л 0,;варь;ы не;миал;донс;ю по;окре; сал;  Ка;-96 ;нист;росс;ванн;Сечи;ими ;ись ;ию п;1%, ; 17,; счё;я ст;ю ин;корр; вид;асло;сотн;ий н;ла с;ргск;лиза;упил;rCar;ки. ;обзо;ое р;амед;ата,;лько;амен;февр;нь в;лук ;стых;С-ба;ктич; мар;ущей;ял 0;ью к;5,51;м си;, ск; Кур;нвер;коча;нкт-;воём;счёт;ройк; нев;трен;ла 1; Это; обз; коо;рт н;ётам;м 5,;но».;рает; лид;ух-т;рочк;гу».;ов. ; США; виц;ардо;го г;HSBC;ешед;нет ;вая ; во ;а, з;устр;рекр;ия б;й ВЭ; и 4;омич;ель ;чнев;— 1,;лёты;м Ил;рот,;ке П;оевр;х го;нтст;ия «;«Теп;рдов;ы на;илас;ену ;на з;. Во;в. К;ии С;овыс;млн ;орь ;енти;шло ;жида; «Те;ля и;я ре;и Ра;ил, ;у». ;в др;Комп;нка.;х ва;ы», ;часо;ивны;од с;rd в;поде;S.  ;й  о;неко;ент ; физ;едле;горь;сокр;ющем;собс;аров;евер;рско;е-пр;ась ;СС, ;. Ры;перв;лужи; дей;ю ст;едат;а ян; Про;дите;ехно;ра Т;17,5;онну;е — ;ла п;мму ;л фо;тёжн;ин м;е «Р;иям ;зпро;г во;там ;зошл;авле;азы ;ране;возо;рые ;о ух;пера;служ;,51 ;согл;еры»;55%,;в ма;отни;ельн;д ве;ой» ;заци;е це;т юр;%. С;онст;, в ;ку с;, бе;м. В;л ма;сраз;ухуд;еть.; «до;наоб;яца ;ду о; Асс;жи о;арод;т пр; гла; опр;7/78;х кл;-пре;м гл; в о;аты.;тил,;: «Т;е в ;%, р;ре —;в ст;ро в;ад, ;гичн;лоно;,7 г;50.А; — 1;44,7;ing ;а од;ах —; Ins;алоб;о уж;ли в;к» В;Пете; куд;— фе; Ана;РФ В;и 48; шес;в в ; Кол;таси;ы с ; Vis;ении;» Вл;у хо;ng 7;ция.;неве;пающ;доче;ьног;го ф;з ли;ие р;ым Р;пита;— 10;ram,; биз;з со; тре;ошен;ь — ;итов;остр;у кр;леры;ры, ;Пути;рном;и «д;ию. ;ин д;афию;в ми;.  Б; в к; 9,4;ублё;руги; «че;удам; чем;лишь;ь ож; год;дящи;Прак;йско;со с;скоч; хор;рафи;бург;бзор;ле а;инст;с об;нчат; «Га;9,4%; и е;озоб;м Пу;х ле;ма Г;ры» ;33,4;а ко;C в ;мих ; сле;чем ;ет о;ерез; наш;к, п;миче; кап; сок;у, к;писа;кт-П;ане ;тый ;ми м;Кури;е эт;ит 1;риве;» ВТ;евой;рины;отме; а п;мя с;ин и;сажи;вски;р: А;ему ;сами;аинс;ддер;евре;ти с;одка;ству;ртир;ц.  ;Черн; вче;ился;рные;нефт;дава; Вче; Рын;PS. ;ира ;сия ;ают ;а 10;откл; час;краи; поп; неп;Таци;сия»; 201;а.  ;ых т;ивер;к кл;ых п;вто ;иард;ло с;терб;ей, ;ВЭБа;заст;анк,;  Со;и дв;а 11;тупя;США ;увел;GPS.;  Пр;нно.;раин;в и ;00 з;ть п;ла М;б па;лей,;елён;. Эт;ь мо;ода ;купи;ую в; 4%.;я ме;н ст; ком;дать;ые к;ти, ;ей. ;роси;сцен;4,7%;к HS;0% б;мики;но: ;нпро; кру;ция ;.  П; сет; Кап;омме;нкам;отае;рий ;рогр;ка 4;а», ;рыл ;омик;а Ло;зафи;и фи; нов; Так;еопр; сог;-трё;мыши; янв;ожно;  Вч; и о;та «;,55%;в «С; мин;авал;й. В;олог; 5,5;ково;ов, ;цело;му п;руко;лю м; фак;ody’;и — ;орди;я мо;авис;ленн;ями ; сот; уст;н вы;ётов;и с ;даем; — м;хова;вого;ез с;рынк;н из;ондо;неса;еля ;вате;фелю;у са;нало;3%. ;о ср;циал;коор;м — ;напр;ронн; сче;ним ;иные;-бан;во н;у пр;нт «;рже ;рале;стик;делё;анку;Р. Э;, ка;мини; фот;а «Г; «КИ; одн;изац;по п;3,4%;е мо;ту п;ра и; суд;екон;nsta;м Ро;%. В; сво;редл;–5,7;лове;вяза;их к;кция;нок,;тско;держ;7, а;ю си;ом в;  Сб;ь ав;и сц;арь ;Mood;анал;лёто;чере; дан;ор: ;, оп;онят;зоре; кли; в ц;51 р; «Аэ;ь ру; сув; сто; HSB;оизо;4%. ;лате;тран;Стои;вере; нед;dy’s;» Иг;йца ; 11 ;засе;ом ч;х — ;а 17;е ко; о в;,5–5;изич;сы д;нари;к «М;от ю;к се;с на;худш;4%, ;Boei;офел; 35,;жнос;«Газ;щем ;а «ч;ова$;ие д;вско;оват;озиц;пейс;его ;нако;иску;17%,;ов и;Игор;тины; 2,8;снеф;ний ;на 4;ейск;ет р;ниве; кур;отто; в д;авше;ре п;3%. ;он в;о мн;попа;мног;евая;арно; чис;ую н;во у;емых;РО10; Сбе;8 ру;рыно;ртоф;в от;ФР. ; Бан;ку х;воим;, от;й и ;гом ; уве;м In;це-п;рь п;%. Ц;вно»;емен;жала;«ПРО;тни ;азал;» по;ами ; Он ;ка —;пчат;ловн;ы, и;даны;ых к;8,88; вык; «Мо;жки»;ира.;менн;ле с;солн;рг в;ем I;рбан;ндон;ойст;перь;и мы;ревы;слуг;е са;е ли;ем. ;и од;ов о; лиц;возд;я в ;опей;5% и;27 0;я ро;асте;опро;огом;дито;рд р;элек; Moo;ходя;ожал;ле э;милл; теч;ы. П;мке.;ь пр;не с; 17%;ь во;Рыно;ольш;реть;одск;Морс;ако ;вух-;комм;имую; в а;. Ок;0.Ав;харо;т он;пят ;то д;лугу;дате;ртал; воз;енар;бя в;ли б;ми в;отре;ра с;х в ; и ф;полн;о дв;о же;Card;тата;неоп;ум с;ушны;%, а;н де;ьме,;азу ;о ка;ошло;нку ;77/7;капу;т» ч;но п;sa и;и.  ;то «;ю ко;  «А;йдёт;м па;а ГЛ;ктив;за «;вум ;, РТ;й ко; рук;онве; выл;али ;т, ч; Зах;олно;ключ;емя ;сь: ;с ММ;ила ;я на;Всле;стре;фикс;та э; Пра;своё;0 мл;утин;тклю;ме, ;анна;ял б; аге;ой м;нк H;риен
Text 9; руб;рубл; про;ого ;осси; при;убле;блей;альн;убля;ть с;ные ;пред;млрд; млр;е по;а по;ких ;льно; на ;краи;раин; цен;рд р;ских; пре;д ру;лрд ;тель;сть ;гион;ных ; рос; пер;ного;ния ; — н;льны;или ;ная ; стр;егио; по ; за ;ить ;прог; до ;став;одно; пос;ина ; по ;реги;, ко;пром; от ;исте;росс;за п;банк;кото;о по;рынк;ельн;тран;ой с;ать ; под;Укра;стра;— на; Рос;сист;цена;й за; газ;ции ;ител;наль; пок;бля.;олго; на ;года;ндек;отор;нков;ей, ; на ;ние ;ков ;стем;иона;а пр;ной ;Росс; сис; рын;декс;овск;ости;мпан;оста;каза;едни;но п; Укр;аины;ласт;, пр;ля. ; уже;огно;одня;их с;осле;тво ;ься ; око;йтин;рейт; буд; бан;рогн;ссий;в — ;ь с ;едпр;счёт;тся ;ться;ияти;перв;ины ;уже ;зпро; рас;ачал;ов —;ован;ковс;ет о;редп; соз;Газп; это;заяв;ть п;лей,; нов;ов, ;долж;анны;прия;а на; раз;мы, ;сова;с до;гом ;ых р;й си;ский;рият;. В ; зак;расч;ь по;торы;ля, ; зая;, и ;о пр; год;ийск;сийс; кот;озда;ания;рова;след;ссия;но с;этом;омпа;гноз;глас; укр; рег;ы по;ации;анко;нача; мес;онал;можн;лей.;тинг;сков;сти ;, 10;огла; гос; сос;ьные;азпр;бля,;ный ;я це;еле ;газа; млн;том ; поп;урс ;едел;дпри;комп;асчё;ство;кий ;ируе;ейти;я об;ала ; с н;созд;еств;родн;пани; дол;деле;посл;темы;ъеди;тать;тков; отн;на п;орие;о 1 ; «Ка;прав;, гд;жит ;емой;одит;тыся;кой ;ло 3;но б;.  С;ысяч;меся;един;канд; коп;их р;вало;ся н;нно ;жно ;ежду;ки д; но ;рохо;тори;абот; $26;инск;лгод;зиру; обл;, по;ран ;алют;нози;вать;нить;зуль;ести;вила;чная;чест; зам;ност;ьтат;удет; пла;асно;ходи;яцев;могу;ласо;ванн; 10 ;бала; пол;я.  ;ию к;ов. ;РФ А;венн;по о;резу;ьный;дида;оход; с 2;годн;ател;объе;ась ;езул;нкци;о — ;днял;диви;.  Р;я и ;льта;рвый;арод; гла;я по;буде;лой ;тави;«КаZ;ьног;пока;ейки;инго;2 мл;коло;ость;ской;на н;ульт; акц; «Га;ена ;блик;вски;аинс;атом;сия ;нных;».  ;и до; Поп;ода ;.  П;екса; кан; воз;ии, ; сог;ожно;их т;прие;для ; ком;март;ь со;них ; где;з по;КаZа;87 р;согл;ций ;тип»;арта;оло ;рост; «Ян; нед;ятел;пейк;с на; 35,;замп; кол;ний ;прош;бъед; кур;почт;емы,;лей ;леба;дино;т пр;иров;тивн;ть о;чти ;Zант;о $2;ивал;ятия;опей; рез;ая о;нгов;ь пр;ндид;стве;и вл;и, г;ампр; — 3;ошло;й не;али ;стре;нки ;ая ц;копе;ей. ;тов ;асов;где ;цев ;атор; рей;лика;иемл;огра;атьс;асть;е на;а со;и пр;гут ;мост;х те;авил;я. К;есто;йки ;тии ;.  М;лани;1 ру;иков;сяце;нтип;ы во;о 35;мпре;йски;, ку;по р;ся с; все;ервы;м мо; дан;жных;ип» ;окол;а 0,;й, к;«Янд; мог;дини;очна;а. В;е пр;подн;долг;цион;ждун;ании;ова ;же п;о со; с д;а с ;100 ;ие п;потр;олжн;я не;ред ;гото;вый ;рует;рска;само;сост;ли п;лась;ия с;, ме;рием; сан;ельс;го с;чётн;Янде;с 2,;ов с;лгом;ская;змож;ии в;о це;л на;очти;есяц; мож;наро; пот;на 0;чала; в р; это;ло $;м от;это ;я ры;дет ;ения;Крым; не ;аяви;да, ;аZан; гот;ый з;оско;ало ;убли;на г;реко;0 мл;раны;ожны;опре;е то;аны ;% до;, а ;т от;ству;анкц;7 ру;ном ; объ;рабо;плат;о го;рати;я — ;шлой;ии о;млн.;дуна;ые п;тву ; Ана;новы;оры ;и по; был;возм; РФ ;ледн;прох;одны;прин;рошл;укра;енно;ила ;и ра;и ко; — 5;оказ;та, ;.  К;дарс;идат;ллар;ому ; сам;егод;я с ;дств;данн;млем; для;отов;00 к;иско;ом 4; поч;, но; рек;санк;унар;явил; нач;держ;валю;й в ;са п;огут;ет п;публ;кая ; тыс; пят;прек;й, К;озир;опол;глав;обла;инит;$268;то п;лени;до 1;иент;анти;емле;дние;полг;вест;Курс;и за;акци;анди;олеб;«Газ;т на;х ст;неде;й.  ;тато;от п; или;ется;аний;озмо;о ра;блас; сов;ой н;курс;,87 ; 100;отра;Госд;осто;ел в;свен;ии. ;уббо;ут у; Яце;дующ;ла н;симу;. Об;м.  ;20 м;м. В; сба;ом г;мано;инис;едыд;реды;ржал;опут;ь ме;ому»;ивно;чита;esea;у за;от в;йшие;ая О;пать;Бива; Res;влас;и в ;зиса;рела;яя ц;рых ;лся ;ой U;мках;атеж;5,71; Кры; бел;sear;ли к;82,9; он,; — о;рная;ил н;ошли;ь ил;ов: ;ей —;льшо;Респ;эра ;дает;ямо ;вейц;ма“»;мене;нега; Дос;нико;лору;тот ;ом М; Por;5 за;сей ; Иго;  Ме;аген;такж;15, ;Так,;», —;кции;во M;сиби;пад.;ризи;  Ст;» те;бани;екра;а, —;5,5 ;а те;думы;КПРФ;,41 ;: Ан;Caa3;боты;окро;в об;я» с;же к;дних;райо;. К ;ия З;ичин;-пре;реки;на Р;тури; ним;анки;атов;к ко;ны д;акон;инг ;ь св;ария;ту к; нар;ия н;лард;шних;кого;Евпа; Пре;лема;вые ;73 6;опит;4% д;епер;иод ;ыкуп;то $;ирги;отве;ти м;е оп;ицио;зе н;ыми ;ёжно;и от;жеро;безо;тров;ие с;ндре;е со;ияне;спад;и ус;сред;корд;вои ;кс М;aa3,;Осет;s в ;. «Я;сь д;иваю;64 р;ост,;впат;,57%; выб;гу р;Mood;онча; Кни;иже ;аста;лена; 8 6;ачу ;тоят;а ре;чу г;ене,;rch,;шие ;вки ;» в ;в те;Н пл;крыт; Кур;рыно;ьств;ти в;ьшой;ны в;двар;седн;азе ;олос;евро;Андр;горь;йску;итал;васт;ая к;оет ;фунт;120 ; ста;х ро;овик;а Иг;,75%;верс;рите;.  Н;рому;лосо;«Пре; — с;й За; не ;кстр;» пр;3 го;ятни;лемо;выше;тнош;Согл;ланс;имущ;ва д;авны;линг; и Р;ведл;рого;у ка;ай с;ихся;всем;м не;нчан;тико;ьном; в к;ь ба;ласс;ений; В ф;ы до;на р;За п;в их;рита;кта,;а ба;ии з; шаг;их р;мой:;итко; Рес;Локо;нгу ;зави;Влад;мы Р;  «С;м го; с м;мо и; бли;сего;авки;ным ; к р;ду т;игу ; сло;аютс;у» з;оже ;nd R;овес;еком;зопа;io F;ов т;Кром;вал ;-тес;5,50; 65,;кие ;сяч ;, ев;ionP;апит;ли у;вост;осду;ны, ;дат ;1 23;х о ;удар; с 1;сосе;акже;дала;иной;рман;ил г;тавк;ынки;и де;. «М;под ;ле о;втор;ава ;са Б;олла;ино-;оз п;не д;сты ;ю пя;личе;паси;была;зате;о вы;гаци; 5,7; год;рии,;ояте; — о;имаю;ки к;о бу;мы ж;еспу;на b;я бы;иях,;нтов;8 67;непр;лава;пали;еймс;атил;кцию;y’s ;ие б;ше 7;край; и у;на 2;Гинн;ализ;Emer; Кос;ает ;СКН ;00 б;зако;е еж;кабр;ём о;90% ;то у;нски;дные;зона;е По;ия ч; бир;  Чт;ерна;ексе;вик ;асль; куб;ь об;ло к;од Е;бота;дел ;» за;и га;ноз ;ймса;блиг;ьше ; Об ;разр;ь од;шой ;вок ;лади;по ц;Доср;роме;да 4;ng P;ы жд;жили;82 р;ся о;ев о;коны;опов;щего;8,7 ;снод;иман;сиро;задо;нима; $45;Перв;а но;а пу;овер;41 р;в Ги;зыка;путн;тому;итае; 50%;Запа;-дол;усто;сеть; 15 ;комм;58,8;исто;сия»;вающ;ие Г;ду о;х ре;изат; вст;зина;ух м;ия з;дняя; — А;ть и;вух ;с но; 1 2;ерша;лом ;упоч;цию ;сбал; в с;утки;61 м;ая Р; 201;Б Ан;гово; Кол;Един;ле и;поле; рын;тий ;исет;рда ;я ст;да б; Арс; кир;стов;ри з;орус;чь о;мира;коин;лиза;ое р;В пя;ий в;ценю;усск;лько;а, п;яции;ст, ; мар;9,49;ентс;сове;und ;р: А; эфф; экс; бит;ся р;грам;жал ;вари;ыкал;ущег;рочн;м ор;кса»; Это; пря;аниз;ьер-;орых;а би;ФСКН;back; огр;8. «;совс;влож;емал;ела ;из «;а зд;обре; Кач;лью,;ержа; buy;ка, ;го г;tamp;— не;oody;. Кр;ерву;купу;$В п;вая ;ебол;д Ев;рекр;сект;ричи;зе» ; поб;та с;олий;дём ;на п;стям;екаб;новс;тор ; до ;. Мы;го р;конц;х го;рдов;К ни;я, е;е к ;дачу;о $4;орь ;енти;по-п;— 5,;млн,;ммун;тайс;жида;риск;ыму.;в эт;ля и;68,7;2 ру; так;ючев;ли 7;а ты;k ок;Севе;и 70;выст;поэт;е в ;бы о;и  к;ежей;ивны;, ор;таси;и са; кра;вный;кже ; «Сп;теле;им м;айск;стив; суб;тная;. Вч;собс;прес;уетс;евер;раве;,93 ;газе; 43,;х пр;л пе;50 р;ям, ;де о;утно;а ко;астя;жей,;ть з;азах;отне;в Се;ий У;в, р;редн;вых ;за. ;крое;Межр;отоп;терк;тёжн; Меж;е си; Рег;и вн;свыш;рые ;» уж;ди д;риоб;. По;ил п;о 39;о и ;во и;иват;десь;крат;,15,; 0,2;заци; свы; изб;реля;ечен;тели;Попу;2,03;анич;ю к ; с 1;. За;сса ;окуп;они ;азат;аз п;оимо;обор;buyb;23 к; опр;дног;сто ;, на;асто;сиян;елей;в ст;алка;й с ; воз;й Ук;аза ;устя;госу;й Un; Гер; — 1;са. ;коме;а од;онах;осед;7 ре;ме т;,24%;ли в;у от;чевы;тора; Дже;ией ;7,61; КПР; шес; раб;и $1;до $;ые и;о ил;По д;дрей;т пу;681 ;ко п;он, ;ктор;инне;айон;л ра;рома;лютн;го ф;од с;ие р;кс» ;0 ки;а не;а $3;е ра; в ц;е за;ию, ;дной;мого;этап;ошен;гу —;н, и;485,;дит ; Вче;з «Е;ивая;е аг;ь се;ятко;стер;тия.;ивен;5,15;плен;нге ;лига;лили;йско;ия» ;ут о;им о;аяво;до C;— Ал; зде; и с;пяте;ых с;ра у;rtfo;Каче;ки с;пато; сез; Fun;сечь;емно;стоп;  Му;ория;ой Р;$450;гани;ля У;ем н;— эт;т КП;нюк ; кап;у тр;ля. ;орит;е Го;рыму;к ру;и на;у.  ;ольк;ий с;сски;нарк;е» у; в р;риве;мани;наци;е вы;аина;тия ;евас;к на;673 ;я Ро;чиво;рс д;ему ;слью;ннес;ле з; в С;ера ;5, 1;на с;ым. ;дово;ился;овом;себя;5,27;ий к; Сим;одар;гати;ов Г; рос;ву з; пун;е 8 ;— 19;ей С;к, к;л её;рамм;му Ф;с фу;х ра;ет 9;пите;поис;ую м;а ст;иним; инд;ерри;МВБ ;Алан;о би;путь;и «Г;нялс;ями.;нцу ;особ;пятн; FOM;2013;упне;nPay;0,23;  Со;аль ;рвую;Сред; „Га; Кур;Анат;расл;ей К;яч т;а пе;1 38;деся;в, м;30,8;году;Б РФ; Ала;. Эт; и и;омен;ю, а;тниц;в ра;е, к;коти;дать;а им;у по;ые к;96 п; див;тки ;ое а;ти $; из ;тр У;тя п;a3, ;кови;пунк;ью, ;орга;дить; кру;арди;й Яц; сег;«Спр;0 ук;назв;капи; Бул;С — ;рогр;ащаю;голо;ано ;суда;а», ;лн. ;ий Л; Рос; дву;му К; Moo;небо;лжал;о ок; Так;дов,;е до;увал;мьер;чани; Лок;и ре;Ф Ал;ои р; счи;от „;езон;y», ;й. В;сли ; кос;и ди;арст;а «А;жрег;низа;т во;цело; 45,;апе ;еду ;268,;а Бу;е су;субб;рей ;,03%;дно ;терр; Шве;парт;раща;43,7;же в;ody’;ное ;авис;ленн;нсир;ит э;ртии;в 57;— 35;дущи;х гр;вого;$30,;лн. ;корз; 700;убом;7 мл;оны,;внос;ев п;вста;ли э;й сц;еля ; кла;унал;стин;экст;  На;» по;екс ;емы ;пери;х, п;ним ;ь за;ва и; — В;а го;сегд;у пр;рже ;сь п;о кр;$485;ни в;рь 2;ующи;окот; вне;ерку;дыду; одн;изац;у дн;ту п;осов;ентр;риро;ерма;mp з;ле П; эта;ммы ;купо;арко; апр;а ры;,49,;ил, ;ие д;аетс;Мы г; Пер;а уп;стр ;нг г;о се;елен;ю: 1;аг п;овог;1 ак;ом в; Мы ;,2–4;ы РФ;олич;вращ;ор: ;обри;ы за;ило ;g Po;ы, э;атко;боме;зато;сети;ионн;чу к;. «К;оизо;3 68;MC Д;лате;я в ;Стои;жна ;ются;заку;dy’s;ы, о;а 41;сени;щают;Прем;тоим;е ко;ском;ониз;.  Д;нари;свои;нато;ня —;оть ;Яцен;3,75;тва ;овсе; в э;След;попо;о са;каль;лова;осиб; Что; «Пр; о п;рвон;  Ко; и п;разв;ов-д;рот ; — п;й пл;не. ;ржит;вско;базе;его ;шени;изис;ышле;енив;Игор;нива;реди;есь ;есть;чёты;в от; и К; наз;вил,;ётно;по к;попа;мног;та п;т ка;дное;ТБ А;ахар;почн; 30,;ысту;50,2;стви;онды;, — ;окон;тест;ерск;вам ; каз;я. Б;оме ;й и ;ют р;ВТБ ;рь п;а дл;рист;ётны;лн, ;стор;4 ру;азал;у со;и да; Uni;оле ;сить; дек;ёты ;у ФС;в ро;а Но;ых г;и ба;тия ;сутк;и» п;цу р;пал ;, ре;ског;о ук;и мы;  Ре;бя и;тенг;ий».;оляц;ающе;’s в;ний,;0 бе;рией;се р;и Мо;ов о;Шува;.  «; 7,6;не в;овое;на б;роет
Text 10; на ; про;рубл; руб;ния ;ение;ител;ого ;ние ;тель;ной ;ных ; пол;ких ;ских;убля; пер;пере;одов; по ;ходо;ован;ания;каза;мпан;иров;абот;тход;нвес;ческ;ичес;поли;рова;ельс;пани; отх;рабо; стр;оказ;осси;дов ;лени;вест;отхо;омпа;кред;ным ;вани;, чт;ести;тся ;заци;льно;я по;ация; инд;ости;изац; и п;реди;лей ;что ;едит;инде;, а ;кой ;ботк; что;ения;о пе;ндек;комп; инв;инве;декс;нени;млрд;ся н; млр;ьств;тво ;ция ; США;нием; кре; буд;й по; 10 ;годн;пров;а по;став; при;ской;.  В;ов и;о по;я в ;ство;убле;тке ; ком;ного;ельн;отке;блей;. В ;отре;ная ;в на;ссии;го п;ием ; цен; Рос;енны;т в ; пот; пре;Росс;бля.;льст;нных; объ;и по;дня ;урс ;ераб;егод;рера;ерер; зав; до ;пред; эко;ой о;я пр;оста;го и; от ;кого;ля. ;коно;лся ;ную ;сего;в — ;номи;овой; рез;ов. ;алют;ает ;оите; ока;удет; в с; 201;банк;связ;рово;аниз;игон;венн;хран; так;ател;теле;о об;ране;ечен;елей;буде;ов —;пока; акц;ых с;и на;краи;США ;раин; кру; сег;ано ;экон;е су;обра;по п;ентр;роит;гани; рос;ики ;ског;авит;рган;%, а;имос;сти ;я на;еско; их ;рупн;е от;ля, ;х от;мост;олиг;ины ;стиц;нию ;тици;ов п;е па;круп;стве;влен; и р;цион;ании; пад;потр;сии ; лет;ет в; год;торо;на п;форм;ции ;товы;дет ;вной; не ;стро;втор;тва ;лиго;твен; пок;, 10; сос;бля,;паде;цент;года;лрд ;на 1;низа;ия п; за ;одня;ла, ;полу;ност;ем и;дени;а в ;валю;трои;ства;на 3;м на;оном;ные ;Курс;дитн;акци;треб;верн;вой ;дут ;ых о;т на;аден;чног;ьной;ов в;ется;Клин;их т;сть ;ивно;о 1 ;. Ос;%.  ;дост;е не;тари;ва в;едни;такж;утил;очто; Укр;и об;ники;их р;роиз;о не;ом» ;евро;оизв;ки д;их с; игр; — 1;тори;акти; бли;инск;100 ;акже; рег;, об;ефор; свя;го о;, по;и, и;ром»;льск;нтон; МВФ;мику;бору;ализ;нски; бан;и бу;арст;ссий; пла;х ре;ия з;субс;а, ч;исте;росс;ись ;олит;лиза;анны; Это;сылк;ой ф;анен; тар; бол;ексо; вто;а би;ы на;кже ;2 ру;детс;еали;х пр;а вт;ехно;ереч;олог;С пр;зпро;аря ;я и ; орг;в ст;госу;ло п;оруд;тов ; рас;явле; а и;ачал; обр;ещё ;on и;огич;нк п;н на;плен;сист;на н; дел; «Га; в в;аров;йски;Осно;, пр;риве;овны;на к;на с;ился;ктов;то б; В н; Кур;. Эт;ку п;иции;тки ;орга;суда;омик; реф;рже ;ет, ;вает;рудо;вых ;ариф;ций ; раз;гиче;ала,;ионн;к пр;тран;ие и;ой с;.  Д;тон ;я не;и и ; 35,;«Газ;олож;оват;его ; кол; кур;почт;идир;ое п;лити;оимо;азал;тивн;ие о;слуг;ний,;рд р;реал;сост;боле;ов н;заво;и ро;объя;оект;рите;дело; ещё;али ;т, ч;в ра;лет.;я за; соб;инто;гоно;а та;сиди;ие т;тных;в в ;и пр;ируе;ой п;тоим;авил;оне ;вязи; под;каци;х со;рефо;сов ;де с;прос;атит;лани;тави;нов ;ично; в н;о пр;иде ;Укра;чале;роек;обор;а кр;ли, ;ийск;а се; вал;лись;ресы;стра;редс;сийс;наст;чтов;ание;олуч; а т;я — ;на Н;ирже; выр;диро;азме; суб;ость;ближ;едст;етск;прои;0 ле;дита;тиро;рует;в по;лей.;вано;ии б;але ;ормы;твер;прио;анк ;д ру; на ;n и ;рече;есыл;нным;ие с;ебит;т со; укр;ии в; Осн;рств;е и ; газ;удар; в р;дова;я.  ;чень;логи;нта ;ерну;нача;ксов;бави;их д;ступ;6 ру; акт;ерес;Газп;убси;пром;нная;азан;а на;в ви;ет н;тыва;стир;да. ;% до;новн;ема»; Кли;реби; фон;ктив;браб;ноло;в. В;сков;ода.;ана ;7 ру;ть н;звод;онов;плат;лее ; гос;рати;азпр;тной;ким ;тиче;о ут;ы со;тема;бсид;бите;ь на; — 5;ая п;а.  ;рии ;Это ;цен ;авод; это;услу;ила ;осуд; дет;и ко;ий, ;циям;дарс;линт;ллар;ому ;она ;ии д;ывае; бир;а це;дств;удов;екто;изво;рове;стем;ся в;00 к;осед; поч;олее;ить ;а за;ей. ;е дн;разм;жени; нач; усл;е ин;я. С;змер;виде;кая ;ь и ;в и ;зали; дня;охра;техн;до 1;семи;й фо;расс; обо;а пр;прое;  Ку;я до;бирж;ра п;ески;уетс;х ст;снов; евр; дол;го с;ке о;а ин; зат;хнол;овых;стоя; кор;вите;ой р;м ин;курс;водо; вид;нные; 100;itSt;Scra; сни; мик;ав к;прив;— 35;США.;а  S;ольн;ил 1;м.  ;20 м;по м;х ак;атер;% и ;ы, п;ро, ;ы ин;ающи; упа;и In;дста;през;ъект;уск ;ложе;,09%;мощи;с уг;изба;ёс и;AP о; быт;ых —;ассч;бщед;ут к;й эл; бел;маце;е бл;вное;й мо;лари;рная;ъясн;длаг;— 19;ирны;ей —;ушат;едев;tute;А. К;не п;мене;тому; Хил;резк;5 го;0 га;Face;а эт;.  С;Recy;ксы.;й от;нии.;трук;ко-с;но ж;фтян;еры ;ым д;ти а;рофи;5%. ;за з;овог;трий;ов —;мера;ok, ;: Ан;Комп;твёр;я ка;же к;усск;райо;ожит;й, ч;10 г;два ;ифов;гут ;-пре;м ру;оящи;осла;к ко;мент;9,53;аины;енна;ь, б;ии I;ндус;ата-;не и;о в ; 20%;иной;, Ne;я эт;осил;ера ;епер; 19,;ence;ирги; хва;нцу ;ушек;ицио;влия;д по;ёма ;А о ;й св;в те;капи;бъек;ный ; ММВ;ерче;вёрд;шилс;сред;ла С;онны;и, ш;dust;итик;одно;абле;с До; Сто;нкта;гала;иже ;аста;ces ;ика ;него;— ум;и По;е по;не з;боти;ии т;мы и;тить; пос;огно;ТС п;тавл;жно ;р: А;стиг;clin;двар;седн;ны с;итал;ая к;440.;фунт;rap ; два;го ц;коль; ста;ны н; реа;етом;регу;ния.;х пе;40. ;орат;тив.;ling;ух л;едла;фоне;игру;тнош;овье;ге —; сут;s по;линг;16 м;осле;дана;й. К;жка ;В ст;ьном;мирн;Заяв;но х;ачит;вари;а ко;улич;о ро; аме; NAS;дов ;сеть;не г;л 1,;итко;ентн;зова;зави;така;53, ;по и;титс;к об; утв; бив; 29,;езак; Во ;емли;,53,; к р;мика;e, A;то в;иори;— до;илис;орм ; SAP;лючё;еком;секр;и ул;итну;этом;нь, ;илла;й ва;Инве;, ев;кций;апит;объё;, ко;рете;т Сб;сосе;.   ;011 ;митр;ерин;нтны;и де;зиру;Q — ;SDAQ;. Ин;,66 ;ахор;олла;а ми;разо;тово;им с;ран ;кажд; ряд;личе;нии ;зате;. Кл;вшая;очни;м кр;s уп;4 го;шек,;приб;ки к;трос;дня.;–20 ; 80%;ерол;сы. ;вье.;нояб;ь не;ию к;пали; НИО;необ;у вы;, NA;игал;моск; виц;ерви;nces;х дв;. «Г;о бы; рад;или ;м сн;рыва; вер;ют в;00 б;зако;и не;то у;ном ; тов;зона;cien;еваю;нози; эле;ерна;, Go;читы;ть с;вать;4 мл;русс;ерши;шате;рогн; вкл;ым н;н ув;оцен;ье. ;вок ;т.  ;ится; При;дина;, бу;омме;й Ме;ся о;ручк;е с ;одмо;вила;я. О;отки; 15%;&P 5;овер;чест;блен;зано;шили;иско;е ус;В на;во с;нок ;ка о;комм;жа в;к, о;ммер;вающ;ии н;ая н;пуск;ion ;Прав;там,;язан;-Джо;риор;те к;одна;ы — ;ть и;меет;неза;с но; 1 2;в Мо;е — ;лом ;могу;па  ;утки;з сл;ю по;зины;» ра;1,7 ;води;д да;5 ру;в да;ванн;— 20; Bit;ию п;1%, ;асст;А — ;d Sc;— 65; 400;да б;же, ; кир; ФАС;за п;НИОК;орус;19,5;коин;й оп; слу;la п;Нью-;  Це;мере; одн;ди к;луго;ся к; Лас;ючён;оноп;овую;000 ;освя; зна;уппа;ылки; 20 ;ишит;5,72;-сис; в 2;орич;жего;едос; Кур;утся;лаго; экс; бит;трен; Инв;,30,;й Фе;няет; Ama;1 21;Джон; тор;ъезд;роси;ая в;обре;о 49;евно;рмы ;смот;а».А;рета;аяся;нет ;отчё;cebo;стаб;устр;роба;ричи;та с;омич;редл;азав;пной;та. ;ель ;ичег;микр;Феде;,7 р;шить;го р;конц;по о;— 5,;аино;ой б;я, е;рези; Ale;Йорк;на ф;млн ;та М;езки;риск;ям, ;zon ;ь ср;Gile;лии ;3–5%;а оп; фар;буви; пош;врем;с-Ве;titu;таси;поде;неко;ент ;объе;сокр;ко н;0.  ;собс;ерац;: пу;,39%;ытия;itut;е-пр;ась ; нео; Вче;яник;лачн;дите;в аф;адут;тупн;— 3,;lexi;онну;  Во;за. ;дних;ах и;чник;ондо;авле;Заха;дохо;рс б;еет ;о кр;ом в;пера; в д; выс;ане,;о и ;амик;$339;м. И;крат;Alex;в ко; изб;ерах;Кита; 3%,;льта;я и ;ю к ;а ак;м ст;итам;. За;азат;н ев;жи о;сов.;т пр;х се;анию;нала;и. И; нич;nsti;azon;е в ;вро ; Net;оже,; В р;икан;ценн;т об;Лас-;льну;а об;их з; 3,1;онах;игне;у-Дж;— 80;. Ст; зах;77 р; Ана;апус;риба;брет;лика;. S&;биот;е зн;от р;кско;а. Э;айон;рашн; выз;исто;знал;ибав;лютн;та-ц;нанс;ику ;0 ки;а не;начи; уме;пита;a по;е за;итыв;ead ;ошен;, ММ;я ра;ытов; 5,7;итьс;щ. «;ркск;ли 2;МВФ ;инго;ивен;и ак; чем;е 10;онна; к к;,55 ;быти;дент;ульт;банд;обыт;ильн;етны; и с;газа;,79–;ке и;Сбер;х ле;яния;,96%;нопо; сез;епле;быто;Б — ;ет 4;ожен;едве;чем ;–440; осл;ырас;ет о;IT-к;стри;ем н;посо;с-го;миче; кап;анил;орит;рмац;15 г;ies ;аги ;блик;а бо;7,64;ся д; 3–5;помо;3, 1; 15–;6 мл; уго;слаб;$Зая;ute ;тия ;59,6; соз;xion;он у;рс д;аинс;ия т;раба;вока; и н;   К;акая;ти с;зиде;дово; внё;фарм;нефт;одар; спр; пун;бъяв;ате ;а Нь;егас;ей С;сия ;».Ав;ь та;д ру;ают ;а 10; Дми;фина;с фу; «Эк;9–44;а ст;я кр;собы;Цент;раци; в Р;рева;офин;кве ;луг,;заяв;ых п;особ;-за ;и до;йшее;упне; Ком;де н;увша;  Со;и дв;раст; 1,3;аяви;ви, ; 65,;ки о;  Пр;лиро;хоро;точн;а пе;циру;еми ;лей,;м ка;етен;ику:;ая г;инду; и П;Подм;итет;«Бож; из ;ан н;оссе;Прич; общ;азах;н Ки;ньши;.  П;, их;ОКР.;я 20;иона;т по;ries;екса;рий ; дин;м в ;оход;абат;по т; дву;ень ;йд п;00%,;на с;С ук;aceb;олуг;маги;тики; 49,;  Вч;енен;та «;ей Ф;итри;езон;явил; и T;в. О;ервн;й. В; дад;атра;овно;book;ры к;сем ;ilea;му п;т 15;изме;екре;ья —;ия З;инок;экс-;же в;ное ;я мо;а ок;ки. ;лижа;прав;рейд;ны —; нез;k, N;х гр;вого;NASD; обу;корз; сер;инан;9,66;внос;stit;Одна;ункт;вате;. Дл; в э;о ещ;т ли;зерв;екс ;них ;емы ;Запу;шние;Хилл;долж;нами; га ;— ин; 16 ;мов ;а го;МВФ,;у пр;ой в;0%. ;ъёма;ке б;а их;лки.;корп;затя; гот;ле с;исов;у дн;дене; ден;mp з;бует;ремя;рд р;рпор;одит;ые б;вяза; Ind;езде;тско;ызва;олич;балс;ю: 1;1,62;игро;м» ж;й, е;ц бр;а зе; дос; дан;умен;ы за;авла; опл;» Па; мон;чего;рост; сто;ят н;лате;ие 2;ддер;а 3%;lead;онса;ы Ро; Scr;ерал;т ко;. Из;яетс;ня —;орги;учен;тоящ;ло в;нса ;гкой;ии Р;т ни;лучи;я эк;щих ;з-за;й, о;нако;но е;конн;15–2;шени; Фед;ня с;й ря;анск; твё;на 4;и. З;важн; Пол;не б;ршил;чите;ётно;по к;попа;гион;дие ; фор;кова;о-си;ет с;ахар;во у;Боже;мы, ;ижай;дние;ежно; каз; с м;на 7;дмос;с до;ен п;ля к;леба;це-п;ти. ;ых р;ти С;арма; — и;резу; В Р;в кр;стор;ма о;ле д;вла ;о бл;фтве;В Ро;ap R;ловн;S&P ;мери;й си;ью-Й;с из;турн;ых г;ей, ;ппа ;битк; Пра;сутк;ть о;еста;луги;й ор;рбан;кцио; 000;перь;le, ; С у;авля; съе;ребу;тенг;имее;рнут;дног;, иг;Поло;0 бе;обще;6, М;ивал;ищ. ;авок;ции ;алич;рмы,;нии ;х це;элек;я, к;зохр;нгов; гру;одаж;я Хи;es у;азов;ина ;400%;ричн;за э;зрев;ия р; неф;аты ;рзин;втич; жел;рани;Из-з;отив;щий ; о г;ры с;о иг; в а;тнос;верш;ысту;ен —;харо; of ;лю: ; — 3;ка в;х ру;ку. ;емир;оса.;ги н;х и ;ли б; Под;39% ;cycl;о же; ноя;повл;ы СШ;у пи; — 3;личк;ноше; Все;ая т;едут;и МВ;янув;0 ка;. Те; реа; спо;рика;ла к;е те;ацио;воци;са —;рги ;ас-В;%, N;атыв;м па;и фа;,22 ;а 15;й ко;и Te;ря С;зуль; Зах;ключ;ат н; мом;Goog; — т;й ак;ня м;екты;лият;енеж;ообр;упны; отп;лабл;хски;рвис;коле;тино;кирг;  Дм;ой м;и» П;седа; и м;орог;esla;